# X1 X2 y
0.0259 -0.9025 0
1.6583 1.9061 0
0.6208 -0.7966 0
-0.4039 0.3502 0
-0.1776 1.6252 0
0.3759 0.4971 0
0.2883 1.3388 0
0.3546 1.5083 0
-0.1151 0.2907 0
-0.9954 0.2264 0
-1.5336 -1.5607 0
1.1773 -2.3323 0
-0.9683 1.1548 0
-0.2432 -1.2908 0
0.9309 -1.0960 0
0.2345 1.0107 0
1.2124 0.0545 0
-0.7807 -0.8476 0
1.2544 1.4439 0
-0.7976 -0.1940 0
-0.7564 -1.0473 0
-0.3687 -0.6742 0
1.6174 1.6916 0
-1.3176 0.4056 0
0.2537 0.1643 0
0.6696 -1.1225 0
-2.2074 -0.1384 0
0.1872 0.6303 0
-0.2355 1.0703 0
0.3286 -0.6119 0
-1.0919 0.4985 0
0.9875 1.0695 0
-1.4333 -0.0073 0
-0.6676 0.5870 0
-1.4420 0.0697 0
-1.3805 -0.1832 0
-0.1989 -0.6179 0
-0.4927 0.2671 0
-1.3162 0.6308 0
-0.8972 1.1358 0
-0.7887 -1.6682 0
-1.1223 -0.0393 0
0.0715 -0.5398 0
-0.0102 1.1390 0
0.5363 0.5683 0
1.7184 1.5485 0
0.9756 -0.9345 0
1.8820 -0.6754 0
-0.1610 0.8073 0
0.1220 1.0518 0
-1.4625 -0.7644 0
-2.0562 0.8321 0
-0.3514 -0.1319 0
0.1035 -0.6286 0
0.3279 -1.0947 0
-0.9608 -0.0718 0
-1.5717 -1.2998 0
-0.0663 0.2273 0
-1.0358 -1.0098 0
1.2207 0.1236 0
-0.2358 0.9650 0
1.6078 0.5896 0
-1.6164 0.0626 0
-0.3661 0.6098 0
-0.2554 -0.2921 0
-0.3282 -1.0233 0
-0.0135 -0.2960 0
-0.2821 1.2114 0
-1.2575 -0.8673 0
-0.0007 -0.4037 0
0.3566 -0.0110 0
-0.3767 0.4386 0
1.3018 2.4363 0
-0.6672 0.3610 0
-0.6347 0.4748 0
-1.1647 0.0602 0
-0.1805 -0.2552 0
-1.3380 2.4513 0
0.2694 1.0432 0
0.2809 -0.9144 0
0.9443 1.4441 0
0.7802 0.1584 0
-0.5167 0.7901 0
1.6619 1.2511 0
-0.4584 -0.8821 0
1.1709 1.0716 0
0.4205 0.7487 0
0.4126 -2.1963 0
-0.5038 -0.3947 0
0.8348 -0.6912 0
-1.4654 -0.4969 0
1.7462 -0.2631 0
0.4032 0.2583 0
-2.0723 1.9769 0
0.8896 -2.7014 0
1.4729 0.3782 0
0.5089 -1.0551 0
1.2882 -0.6072 0
-1.1089 1.4596 0
-0.3179 -0.0908 0
-0.6673 -0.8427 1
0.3497 -0.4661 1
0.9184 -0.1466 1
-1.0107 1.1512 1
1.8005 1.4613 1
1.0783 -0.1283 1
-0.1115 -0.2811 1
-0.5378 0.0605 1
0.7602 0.4479 1
0.1834 0.1028 1
-0.0434 1.1010 1
-0.6650 -0.2282 1
0.3081 0.5458 1
-0.5235 -0.0430 1
-1.2293 -1.0217 1
-0.5505 -0.4382 1
-0.1877 0.8805 1
1.8873 0.7502 1
-0.0501 -0.7618 1
0.3076 0.6320 1
-1.9456 -1.8628 1
0.6743 -0.2581 1
0.0856 0.9044 1
-1.0959 -0.0342 1
0.1741 -0.9021 1
0.0299 1.0608 1
-1.4587 -1.4445 1
1.0020 -0.8478 1
0.3959 2.1202 1
1.5333 -0.0025 1
-0.1372 0.6918 1
-0.4868 -1.1578 1
0.1747 -1.3606 1
-1.4646 -0.0665 1
-1.5113 1.3955 1
0.2989 1.5930 1
-0.1387 -0.6780 1
-0.2914 0.6793 1
-0.5381 -0.2709 1
-0.6948 1.6071 1
1.2951 0.6251 1
0.5624 0.4648 1
-1.0663 -0.2645 1
1.2641 0.7459 1
1.8118 0.8574 1
0.5310 -0.2217 1
-0.8440 -0.6746 1
0.9186 0.3174 1
-0.4938 0.2441 1
-0.6335 -0.1926 1
-0.6124 -0.7102 1
-0.2079 0.3070 1
-0.1234 -0.8049 1
-1.4505 -1.3939 1
1.0279 0.1336 1
2.7044 -0.5214 1
0.5291 2.9690 1
-0.9968 0.3874 1
0.8057 1.6258 1
0.5555 -1.4912 1
0.5365 0.6703 1
0.9085 -0.2219 1
-0.6266 0.6214 1
1.7625 0.9306 1
0.3488 0.4809 1
1.1990 0.4924 1
-0.0030 -1.5528 1
0.8927 0.4845 1
0.1690 -0.1650 1
0.0273 -0.1522 1
0.9947 0.4108 1
-0.7117 -0.6490 1
-0.6720 -0.0234 1
1.1661 0.8580 1
-0.5468 -1.5272 1
-0.0618 1.8627 1
-1.5722 -0.3925 1
0.0258 0.7211 1
0.6852 -0.7470 1
-0.6490 0.8982 1
-1.1485 0.8569 1
-0.5189 1.5087 1
0.6026 -2.3775 1
0.5555 -1.7860 1
1.2009 1.7515 1
0.2738 0.1826 1
1.3918 0.7295 1
-0.2179 -1.5103 1
-0.8192 -0.2848 1
0.9850 -0.3945 1
0.5731 0.6567 1
1.5809 0.4740 1
-0.4152 -0.5952 1
0.3552 0.6856 1
0.1971 -1.3026 1
0.9502 1.0951 1
1.0080 0.6908 1
1.1540 -0.5264 1
0.0569 0.6611 1
0.2786 1.3285 1
-0.8291 0.1315 1
0.3121 -0.3908 1
-1.2675 0.7366 1
-0.5633 -0.7637 1
0.3303 -1.4903 1
0.4504 0.7938 1
-0.8088 -1.0372 1
-0.2849 0.6167 1
-0.2182 0.6486 1
0.8708 1.0248 1
0.6606 1.1226 1
-1.1937 1.4997 1
0.8511 -0.8492 1
-0.8825 -0.0116 1
-0.1857 -1.2045 1
-0.3802 -0.1497 1
0.1322 1.0044 1
0.6117 1.1497 1
-1.8226 -1.2249 1
-0.4194 -0.4966 1
-1.5732 -2.3514 1
-1.3929 -1.0934 1
1.4049 1.1763 1
-0.0617 -2.3722 1
-0.8925 1.8190 1
-0.0261 0.2089 1
-0.3220 1.0003 1
-0.2566 0.2476 1
-0.8608 0.8934 1
-1.5330 -1.6629 1
-1.9628 0.1377 1
0.0176 -0.1537 1
-0.0275 -0.1759 1
-0.3633 2.8012 1
-0.5442 1.8171 1
-0.8309 -1.2259 1
-0.6809 0.3521 1
0.1984 0.7860 1
-1.7300 0.1572 1
-0.1126 1.4405 1
-1.5727 0.6687 1
-1.5448 -0.9828 1
1.3397 1.1654 1
-0.5436 -0.4806 1
-0.3941 -0.8194 1
1.0274 -1.8269 1
-1.1229 0.5305 1
1.3787 0.0200 1
0.1313 -0.2960 1
-1.2307 1.6570 1
0.6876 0.1154 1
-0.4148 0.2983 1
0.7062 0.6375 1
-0.5567 0.2971 1
-0.4659 0.0981 1
-1.3200 -0.7735 1
1.2027 -0.6567 1
0.3659 0.9651 1
0.0236 -1.7330 1
-1.5147 0.0112 1
0.2197 0.0583 1
-0.0227 0.1374 1
-0.1848 -1.9040 1
0.3520 -0.0371 1
0.6248 0.9388 1
0.1545 -0.0458 1
1.2838 1.1023 1
0.3403 -0.3822 1
1.1975 -0.7187 1
0.4919 -0.4822 1
1.0328 0.1481 1
0.1608 0.0035 1
1.1282 0.2161 1
0.2841 -2.6033 1
0.1976 0.7042 1
-1.7958 1.0718 1
0.0658 -0.9582 1
-0.2426 0.1036 1
-0.1231 0.6398 1
0.7517 -0.4714 1
-0.1012 0.4636 1
-0.7573 0.1583 1
0.5863 0.3001 1
1.1282 1.3111 1
0.2421 0.8408 1
-0.7433 -0.1595 1
-0.2833 -0.3412 1
-0.5373 0.5718 1
-0.5875 2.4078 1
-1.2587 0.0227 1
-2.6242 1.6743 1
1.6168 2.2756 1
1.5547 0.8317 1
-0.0519 0.6049 1
1.5497 0.3789 1
0.3098 -1.1879 1
-0.6089 -0.3619 1
0.1691 1.0936 1
0.0476 -1.9486 1
0.6389 -0.7161 1
-0.9914 0.5199 1
-1.7406 -1.1356 1
1.1702 0.3600 1
0.4603 -0.5918 1
0.9731 -0.3903 1
-1.4434 -0.9866 1
-0.6064 -1.2334 1
1.3524 -0.5918 1
0.4490 -0.6245 1
-1.6984 1.0464 1
0.0002 0.2928 1
-1.4699 -0.0084 1
-0.2190 0.8731 1
-2.3607 -0.1287 1
0.7144 -0.8900 1
-1.0096 2.8807 1
0.9451 -0.5800 1
-0.5044 -0.7429 1
-0.8732 -0.2996 1
-0.0957 0.3557 1
-0.0959 0.1810 1
-0.5530 -1.6524 1
0.6954 -0.8556 1
-1.4961 0.1536 1
0.3124 0.7067 1
0.3260 1.5121 1
1.1346 -1.5112 1
2.1250 -0.9487 1
-0.7954 0.1750 1
0.3466 0.6970 1
-0.8080 -1.1857 1
0.6762 1.5836 1
0.3303 -0.1631 1
-2.1934 -1.3687 1
-0.1393 -0.0735 1
-1.6510 -0.4453 1
0.3207 0.5629 1
-0.3998 -1.4772 1
0.2549 1.0991 1
0.4283 -1.2899 1
2.5847 -0.7465 1
2.8139 -0.0929 1
-0.0824 1.8811 1
2.0499 0.3669 1
1.6430 0.0041 1
-0.2545 0.0451 1
-1.6072 0.6510 1
2.4305 0.1290 1
1.6528 0.1515 1
0.7522 -0.3435 1
0.9686 0.2343 1
0.4328 -2.5135 1
-0.1080 -0.1799 1
-1.2290 -0.8020 1
1.6615 -0.5040 1
1.4191 -0.2109 1
0.4697 -0.8442 1
-1.0893 -1.1166 1
-0.6967 -1.2404 1
-0.7819 -0.9962 1
-1.0807 -0.1758 1
-0.1693 1.3196 1
0.2518 2.2385 1
-0.2183 1.8236 1
0.0237 -0.1664 1
-0.1474 -0.1506 1
0.9929 1.4517 1
-0.4306 0.9637 1
0.1964 0.8013 1
-0.9032 -0.1582 1
-1.2975 -0.3917 1
1.0016 -0.2727 1
0.2109 -0.8445 1
-1.9978 -1.2608 1
-0.0073 -1.4953 1
1.3251 0.6786 1
-0.1731 -0.0336 1
0.5197 -0.1031 1
-0.2322 0.4485 1
1.8078 0.4866 1
-0.6013 0.9732 1
0.1764 -0.1895 1
0.1500 -0.2686 1
-0.8605 0.3239 1
-0.0794 0.4152 1
-0.3025 0.7902 1
0.4334 -1.4532 1
1.1773 0.1045 1
0.3398 0.0434 1
-1.2411 -0.1450 1
0.4325 -0.9738 1
-1.2043 -1.4497 1
-2.5182 -0.4947 1
-1.2455 -1.6960 1
-0.1777 -0.4262 1
-0.2118 0.7113 1
1.6689 -0.2698 1
-0.2547 0.1138 1
-0.0072 -0.1771 1
0.9259 -0.0797 1
-0.0160 -0.0347 1
-0.8830 -0.4109 1
-0.0894 -0.1705 1
0.2089 0.8550 1
2.3750 -1.6236 1
1.2907 -1.4600 1
0.2506 0.5594 1
-0.7378 -0.6241 1
0.6176 0.9332 1
2.4688 0.7361 1
-0.6431 -0.2326 1
-0.1691 2.2729 1
0.6330 1.3700 1
0.0868 -1.0003 1
1.5806 -0.6685 1
-0.4247 0.2405 1
-2.0055 -0.0512 1
0.2335 1.2291 1
-0.4063 1.2908 1
1.0668 -0.0442 1
-0.7667 -0.0682 1
1.1978 0.8252 1
-0.2741 0.0185 1
0.6520 0.2875 1
1.0562 -0.3629 1
0.6415 -0.0066 1
0.2796 0.1747 1
0.5847 0.6665 1
-0.2988 -1.2002 1
-0.0492 0.4153 1
1.1974 1.1992 1
0.3181 -0.2249 1
-0.5866 1.1131 1
-0.5980 -0.1421 1
-0.4611 0.2996 1
-1.3492 0.2052 1
-0.2520 -0.5312 1
-0.0096 -0.3925 1
0.1988 0.9289 1
1.4506 -0.7117 1
-1.1497 0.4673 1
0.8828 0.2746 1
-1.0010 0.1596 1
0.4127 -0.6872 1
-0.1639 2.4460 1
0.1043 0.1667 1
-0.0664 -1.2920 1
0.0251 0.8250 1
1.2465 0.1182 1
0.1968 0.0062 1
0.2161 -0.2835 1
-1.2154 0.9520 1
0.6295 -3.1433 1
-0.3524 1.5109 1
0.9829 1.2300 1
0.7401 0.1198 1
-0.1616 -0.6802 1
0.1970 0.7645 1
0.3333 -1.8719 1
1.0174 1.2871 1
-1.3158 0.2430 1
0.3808 -1.0337 1
0.5904 -0.4900 1
0.2513 0.4446 1
-1.4356 0.4845 1
-0.0589 -0.9420 1
2.3309 -0.5566 1
-0.6644 0.5230 1
-0.6314 -1.3244 1
0.1976 0.3923 1
0.6422 -0.9541 1
0.3046 0.0067 1
0.3864 -0.4105 1
0.3997 0.2002 1
-1.6225 -0.1914 1
0.0717 1.4117 1
-0.5217 1.3564 1
-0.0427 -0.1795 1
-0.2886 1.5301 1
-0.9001 1.0976 1
-1.5986 -1.1996 1
2.4277 0.0171 1
0.0181 0.1552 1
-0.2446 -0.3563 1
0.3737 0.7031 1
-0.4432 0.6679 1
-0.3740 0.0771 1
0.8123 0.2124 1
-0.4644 -0.2458 1
-0.5245 0.6223 1
-1.4302 -2.3049 1
-0.8736 -0.3668 1
-0.5623 0.4345 1
1.1185 -0.2893 1
0.7299 0.6985 1
-0.6175 0.9794 1
0.7487 -0.4854 1
-1.2980 -1.1261 1
0.4783 -0.9918 1
0.4527 -1.4052 1
1.6399 0.9285 1
-0.4416 1.3725 1
-0.4752 -0.9403 1
-1.2381 -0.2484 1
-0.9554 -0.7612 1
-0.7257 0.2224 1
0.0785 -1.8594 1
-0.0441 -0.1118 1
-0.2463 -1.8441 1
0.4680 -0.4634 1
-0.6502 -0.2489 1
0.9806 -0.9743 1
0.9710 0.5765 1
-0.4244 -0.4026 1
-1.1457 0.8796 1
0.7512 1.3348 1
0.7158 -0.1218 1
0.0283 0.1772 1
1.3129 1.0829 1
-1.2481 0.3889 1
0.0196 0.6301 1
-0.0720 -0.3058 1
2.0007 0.6703 1
-0.7370 -0.0124 1
-0.9834 1.1287 1
-1.4511 -1.7481 1
-1.1051 1.0749 1
-0.9888 0.3821 1
1.3257 0.5066 1
-0.0829 1.3349 1
0.7969 1.3020 1
-0.7018 -0.6890 1
1.1105 -1.0923 1
-0.4434 -0.4793 1
1.3264 0.4081 1
1.1167 0.7351 1
-1.7201 0.2574 1
-0.8509 -0.1005 1
0.8083 -1.7570 1
0.7750 -0.8861 1
1.1426 -0.4558 1
0.1677 -0.1199 1
1.0267 -0.1733 1
-0.0286 -0.1898 1
0.0670 -0.1893 1
-0.3622 0.4744 1
-0.0969 -1.8528 1
0.7908 0.2586 1
0.4954 -0.9318 1
-0.5005 -1.1720 1
-0.0780 1.5377 1
1.9057 1.3451 1
-1.1862 -1.0141 1
-1.0199 -0.0286 1
-1.5707 -0.8793 1
0.5519 -0.2655 1
-0.0090 1.1194 1
-0.4296 2.3544 1
3.0720 -0.5916 1
-1.7340 2.4725 1
-1.3504 2.0572 1
1.2459 -0.0730 1
1.2173 0.4220 1
0.7769 0.2421 1
-0.3586 1.9183 1
-0.1581 0.3251 1
0.1141 0.8454 1
-0.4292 1.7445 1
1.3163 -0.3412 1
0.0376 -0.4293 1
-0.7359 -0.1516 1
1.2334 0.4411 1
0.2974 1.7366 1
-1.3810 1.1191 1
-0.4854 -1.4202 1
1.2669 -0.7623 1
-0.8670 -0.2341 1
0.1532 -1.1446 1
-0.0689 -0.6410 1
-0.0379 0.3163 1
-1.6520 0.3525 1
0.3628 0.9750 1
0.3362 0.1110 1
0.6761 -1.3669 1
0.2858 -1.8491 1
-0.5190 -0.7350 1
0.8367 -0.1730 1
0.2583 0.8094 1
-1.9276 -0.4188 1
-0.3818 1.0064 1
0.4733 2.0563 1
-1.8740 0.4031 1
-0.9417 -0.4800 1
0.6190 0.3799 1
-0.7676 1.9045 1
-0.3038 0.5650 1
-0.0630 0.2940 1
-0.3410 0.0188 1
0.8106 2.3133 1
-1.5032 0.2029 1
-1.7550 -0.8498 1
0.0546 -0.3741 1
-0.2173 0.1296 1
1.4568 0.0033 1
-0.6134 0.1905 1
0.1940 -1.5730 1
-2.0697 0.3468 1
1.4864 0.5231 1
0.8902 -1.1142 1
-1.3985 0.7682 1
1.2294 0.8395 1
-0.7667 -1.4782 1
-0.9058 -0.1982 1
-0.3062 -0.8722 1
0.2608 -0.5554 1
0.4078 -0.6751 1
-0.0237 0.2252 1
1.1341 0.2200 1
-0.7080 -1.6560 1
-0.8569 0.6521 1
-0.2518 -0.1067 1
0.5236 0.2785 1
-0.2573 -2.2930 1
1.8336 0.3892 1
-0.4338 -0.6933 1
-0.0028 -2.4879 1
-0.4979 -0.8995 1
-0.6150 0.2143 1
1.7039 0.6718 1
-0.8879 2.1037 1
1.9756 -0.2199 1
-0.4269 1.2507 1
-0.3524 -0.5890 1
-0.6557 1.9490 1
3.2716 -1.1891 1
0.9111 0.4826 1
-0.2309 -1.2984 1
-0.1181 -1.2785 1
0.5979 0.7691 1
-0.9008 0.4961 1
1.3111 -1.0405 1
-1.1599 -1.1995 1
1.0369 2.5905 1
0.5346 -1.2233 1
0.5729 0.9176 1
-0.4013 1.1291 1
0.5540 -0.0929 1
-0.5950 0.8650 1
-1.9445 0.7117 1
-0.6727 1.2905 1
1.3204 0.1264 1
0.4681 -2.2024 1
2.8861 0.0383 1
1.8022 1.9951 1
0.4576 -0.6160 1
-0.7632 -0.8514 1
-1.2921 -0.6340 1
0.6475 -0.3483 1
1.1356 0.5780 1
-1.0824 0.6551 1
-0.9031 -0.8041 1
-1.1976 1.8166 1
-0.4841 1.5536 1
1.4712 0.3719 1
-0.5161 -0.6181 1
2.0659 -1.0842 1
-1.9542 -0.7880 1
1.0540 0.3137 1
0.9222 0.7062 1
0.2401 0.9822 1
0.4383 1.1594 1
0.3227 0.4517 1
1.0146 -1.6368 1
1.5401 -2.1876 1
-0.9993 -0.5617 1
1.4232 -0.1493 1
0.9561 0.4787 1
-1.3128 -0.6325 1
-0.5251 0.8921 1
0.8839 -0.0377 1
-1.0151 0.3320 1
0.6771 0.2442 1
-0.9526 0.8204 1
2.2989 -0.4115 1
1.9635 0.4016 1
-0.3798 1.4440 1
-1.2208 -1.9661 1
3.1730 -1.0457 1
0.7664 -0.0091 1
1.4999 -0.6028 1
-1.4346 1.2664 1
-1.5345 -1.7864 1
1.9392 -0.4572 1
0.5956 -1.4641 1
-0.2810 0.0127 1
1.4101 -0.9490 1
0.8077 2.1127 1
1.4631 -2.2073 1
1.0162 0.1569 1
0.0040 0.0734 1
