# X1 X2 y
1.5406 -1.3875 0
0.0873 0.6332 0
0.0807 0.9750 0
-1.2708 0.4975 0
-0.0232 0.2572 0
-0.2346 -0.1132 0
-1.2503 -2.4561 0
0.6290 1.6069 0
-2.5451 -0.1924 0
1.6940 -0.6803 0
-1.0260 0.9491 0
0.6462 -0.9546 0
0.2621 0.5520 0
0.3699 1.1007 0
0.1408 -0.5048 0
-0.3407 0.5201 0
-0.3803 2.4809 0
-0.1243 -0.6995 0
-0.5240 -0.1205 0
1.1048 0.7737 0
-0.6544 0.5487 0
-1.9641 -1.1427 0
-0.0444 -0.7281 0
0.7645 -0.7579 0
-0.3111 -1.5004 0
-0.5408 0.4744 0
0.2957 0.7438 0
0.8850 -0.1726 0
-0.9298 1.6170 0
-0.7879 -0.2586 0
-1.0554 -0.2414 0
-0.7977 0.6635 0
1.5292 1.4948 0
1.5130 -0.0648 0
-0.5476 -1.6944 0
0.2544 0.7641 0
1.6250 -0.0965 0
0.6209 -0.9196 0
0.9482 1.3861 0
-0.5223 0.3570 0
0.1634 0.5811 0
1.4102 0.6245 0
0.7559 -1.4581 0
-1.3223 1.4062 0
0.6287 0.9324 0
0.2726 2.2446 0
-0.3000 0.5605 0
1.4276 -0.5916 0
0.7097 0.7744 0
-0.6964 0.3724 0
-1.2430 -0.6584 0
0.0751 -0.8939 0
-0.0561 -1.0772 0
-0.3683 0.5404 0
0.4024 1.1274 0
-1.5945 -0.1387 0
1.8005 0.4310 0
-1.0505 -1.9878 0
-0.2896 -0.5415 0
0.2091 -0.1502 0
0.0935 -0.2334 0
2.4364 -0.7919 0
0.4927 1.1977 0
0.1715 0.6377 0
-1.0143 -0.3672 0
0.3308 -1.0542 0
-1.1546 0.5970 0
1.1425 -0.4117 0
0.1928 -0.4238 0
0.5054 -0.4819 0
0.3809 0.6445 0
-0.7218 0.9397 0
-1.4820 -0.4460 0
0.2892 0.1728 0
1.8701 1.0469 0
-0.5852 2.0278 0
-0.9674 -0.4317 0
0.8552 -0.2497 0
-0.1687 -1.4033 0
-1.3099 -0.4890 0
0.1116 0.7921 0
0.7929 0.2466 0
1.4030 -0.2165 0
-1.7156 0.4386 0
0.6046 -1.0202 0
-0.9756 0.2143 0
2.1946 -0.6433 0
-1.5310 0.4745 0
-0.0576 0.6380 0
0.5445 -1.1086 0
0.5731 0.3683 0
0.5035 -0.7570 0
-0.2958 1.3302 0
0.1563 -0.2482 0
0.2432 1.3629 0
0.1728 -0.6303 0
1.7346 0.9986 0
0.3715 -0.3081 0
-0.6786 -1.3629 0
-0.0299 0.4787 0
1.5277 2.6457 0
0.7345 -0.7445 0
0.1557 1.2188 0
-1.1937 0.8416 0
-0.9326 0.0108 0
-0.6125 0.3294 0
-0.8698 0.4928 0
0.7520 -0.2708 0
-0.6228 0.0800 0
0.4392 0.4424 0
-0.4779 0.2120 0
0.5971 0.8714 0
-2.2196 1.5338 0
-1.1397 1.1688 0
0.0097 0.0165 0
-1.1822 0.4163 0
2.1070 -0.9523 0
0.1833 -0.0790 0
-0.1040 -0.5160 0
-1.0210 -1.6551 0
-0.2703 -1.6384 0
1.4631 -0.3041 0
1.7202 -0.0115 0
-0.6369 -0.8654 0
0.1334 -1.7106 0
1.2067 0.5290 0
0.7655 1.2726 0
0.5258 -0.7531 0
0.7642 0.8786 0
1.0973 1.8442 0
1.2262 -0.7508 0
-0.1356 -1.4524 0
-0.3343 0.6238 0
-0.4992 -0.5408 0
-1.1443 -0.2286 0
-1.3694 -1.3813 0
0.8131 -0.4279 0
1.0646 0.0508 0
-0.0326 0.5262 0
-0.0057 0.8260 0
-0.5039 1.0739 0
-1.3662 0.1216 0
0.1629 -1.1720 0
0.1922 1.2525 0
1.0921 -0.8861 0
1.4802 1.5032 0
-1.9250 -2.7928 0
1.4804 -0.0178 0
0.5205 -1.1578 0
-1.7880 0.4404 0
-1.0363 -0.2997 0
-0.1679 0.7373 0
-0.3641 -0.9302 0
-0.1875 1.0660 0
0.2676 -0.7379 0
0.1067 -2.0109 0
0.3144 0.1938 0
0.0734 -0.6421 0
0.2537 0.3171 0
-0.7737 -0.4231 0
1.4461 0.2929 0
2.3164 -0.2578 0
1.3610 -0.0174 0
-0.7823 -1.6508 0
0.0246 0.0120 0
1.1763 -0.1621 0
-1.0272 -0.3811 0
0.6861 0.1807 0
0.1675 1.2663 0
0.9285 2.2563 0
-0.2228 -2.0904 0
0.0587 -2.2535 0
0.1148 -1.2926 0
1.4561 0.1778 0
-0.4276 0.9225 0
0.7050 0.4033 0
0.7038 0.0263 0
-0.2663 -1.2032 0
-1.2524 -1.2416 0
-0.6312 -0.8623 0
-0.1755 -0.2363 0
2.1759 0.1282 0
0.9483 1.1975 0
0.2340 1.7789 0
0.1367 1.5919 0
-0.6955 2.1335 0
-1.2254 -2.2700 0
0.6591 -2.8182 0
0.2111 -1.4868 0
-1.4729 -0.1339 0
-0.9205 -0.9005 0
-0.4822 -1.6038 0
-0.3647 1.1315 0
-0.3058 -0.9885 0
-0.5294 -0.0425 0
-0.4493 0.3200 0
0.7563 -0.5171 0
1.0084 -0.3211 0
0.3734 -0.3267 0
-2.6406 -0.4793 0
4.6088 0.1034 1
3.7652 1.8824 1
4.2496 -0.0998 1
5.5059 1.1431 1
4.9732 0.7535 1
4.1560 2.3902 1
5.3158 2.3254 1
4.5694 0.4792 1
2.3269 -0.2619 1
4.2342 1.8690 1
4.3326 0.3480 1
3.6741 -0.6493 1
4.3126 0.8718 1
3.1733 -1.5627 1
3.5845 2.1657 1
3.5873 0.0203 1
3.5811 -0.1915 1
4.9587 0.6587 1
4.4934 1.6097 1
4.5476 0.2507 1
3.6919 0.6299 1
2.8686 1.2003 1
3.4369 0.5393 1
5.1850 1.5925 1
5.1424 3.0332 1
3.6099 1.0429 1
4.3086 0.9609 1
4.1164 -0.0202 1
4.6081 0.8046 1
3.6870 -0.1663 1
3.6529 0.7945 1
3.2748 2.3779 1
2.1606 0.8036 1
4.3048 1.1047 1
5.6708 1.0013 1
2.8944 1.5390 1
4.9077 1.7961 1
5.5914 0.0156 1
4.1373 1.5749 1
4.4258 2.9063 1
3.9901 2.9734 1
0.6404 -0.4510 1
5.1286 -0.3585 1
1.8208 -0.2375 1
4.0589 1.2751 1
2.7631 0.6119 1
2.4531 -0.4830 1
3.3396 -0.5886 1
4.0207 0.9239 1
4.6945 0.4028 1
4.3681 1.3705 1
4.1034 1.3618 1
6.0128 1.3458 1
4.6887 1.4253 1
4.9180 0.4852 1
5.0723 2.2900 1
4.7656 2.1585 1
4.1781 2.6370 1
4.5070 1.7882 1
3.8566 1.9006 1
4.6310 1.7179 1
5.2885 1.1739 1
5.6399 1.1849 1
3.7227 1.4246 1
3.7687 1.5515 1
1.8346 -0.2871 1
3.9894 2.2619 1
3.6678 1.4641 1
4.0909 2.4374 1
5.5618 1.4082 1
4.8618 1.6792 1
5.0679 1.3434 1
3.2775 1.7299 1
4.8957 1.3674 1
4.8391 2.2674 1
2.4871 -1.2319 1
5.4128 1.1986 1
4.1241 -0.0439 1
3.4376 0.9568 1
4.5366 1.2688 1
4.2113 1.2978 1
3.6135 -0.0579 1
3.3676 0.8497 1
4.0597 0.5763 1
3.3979 0.2075 1
3.8408 1.4098 1
3.9164 1.6037 1
3.7500 1.7045 1
4.4493 2.2533 1
5.3859 1.3416 1
3.5049 2.6645 1
2.5500 2.2430 1
5.0556 1.0940 1
3.7446 0.8926 1
4.1221 2.0445 1
3.5002 -0.5071 1
4.3863 1.7469 1
1.5830 0.4111 1
4.0954 1.3276 1
3.4774 1.5284 1
4.6264 0.2231 1
3.1693 1.3669 1
2.5464 1.7256 1
5.2310 0.8481 1
3.8163 3.7331 1
3.3807 1.8814 1
2.2665 0.2484 1
5.2634 2.1549 1
5.0019 -0.1646 1
4.5657 1.4997 1
2.7579 -0.4933 1
3.8782 0.1695 1
4.0656 1.1223 1
3.0678 0.9012 1
3.9186 -1.4807 1
3.0307 -0.2624 1
3.0045 0.9770 1
3.6479 -0.6253 1
3.1084 1.6727 1
4.0820 0.4957 1
5.8297 1.2208 1
5.1667 2.6341 1
3.2991 2.0002 1
5.1039 1.9515 1
2.8160 0.0541 1
4.2175 1.2363 1
4.2995 2.3459 1
3.4449 1.4735 1
4.7598 1.8705 1
5.2232 2.0758 1
4.0967 1.7111 1
2.7363 2.2721 1
4.3187 2.4019 1
4.8128 -0.2468 1
5.6038 0.6980 1
3.3663 0.5375 1
5.6875 1.1554 1
2.8871 0.8387 1
6.1236 1.8199 1
3.8153 -0.2253 1
4.4242 -0.1183 1
3.4593 0.8626 1
3.5795 1.6916 1
4.3798 0.2578 1
5.0969 1.9548 1
4.2512 1.4933 1
3.8337 1.4931 1
3.4095 1.4601 1
3.2118 -0.2943 1
3.5785 1.4836 1
3.2550 -0.1133 1
6.0348 0.2758 1
3.3003 2.5419 1
4.3918 0.8187 1
4.1179 0.8726 1
6.4309 0.8756 1
2.5193 -1.4380 1
3.2254 1.8101 1
2.4128 0.6690 1
3.9878 2.8785 1
4.6012 2.8627 1
3.8830 1.9239 1
3.8696 1.2506 1
4.5281 1.8169 1
2.9702 0.7913 1
4.8901 2.7636 1
4.5255 0.9620 1
4.8135 0.7068 1
3.4636 1.2054 1
4.1548 0.2667 1
6.1772 1.7952 1
4.7594 1.4376 1
4.7432 -0.4032 1
6.0089 0.1161 1
2.9899 0.2578 1
3.1780 -0.5963 1
5.7264 0.0416 1
5.3807 -0.3938 1
1.4024 2.0146 1
5.1672 0.3590 1
4.4481 1.3639 1
4.9277 1.5277 1
5.2754 -0.6930 1
3.9368 -0.0838 1
4.0546 2.0519 1
2.2872 0.6745 1
4.5859 -0.4186 1
4.6098 -0.7151 1
3.9959 -0.3683 1
4.8475 -0.3122 1
4.3036 1.7576 1
5.0529 -0.2950 1
1.6256 0.4113 1
4.1655 -1.1675 1
3.7524 1.0224 1
3.8545 0.1785 1
5.3241 0.1412 1
4.1732 1.0434 1
2.6487 -0.5788 1
4.9903 3.2068 1
