# X1 X2 y
0.7617 0.3572 0
0.1452 -0.2006 0
0.4376 -1.1203 0
1.5637 0.4486 0
-1.3545 -0.9823 0
0.4072 -0.9656 0
-0.2022 -0.2598 0
0.4510 -0.6593 0
0.7867 0.0853 0
-0.4944 0.1888 0
0.1031 -0.1167 0
0.7603 0.5028 0
-0.4778 1.5543 0
0.0967 0.5617 0
-0.3353 -1.4027 0
-0.4971 -0.3576 0
-0.1580 0.7654 0
-0.1939 -0.4024 0
-0.2495 0.2770 0
-0.0871 0.6023 0
0.0084 1.2468 0
-0.5042 0.4951 0
-0.7169 0.1035 0
1.6854 1.6301 0
0.0518 0.0271 0
-0.2535 0.8574 0
1.2239 1.4282 0
1.5220 -0.0730 0
-0.3213 0.6858 0
0.0085 -0.9462 0
0.2412 0.1507 0
-0.5216 -1.0248 0
-0.6530 0.2313 0
-0.0868 -0.5888 0
-0.6032 -0.4506 0
0.5850 0.5337 0
0.2265 -0.1708 0
0.8873 -0.8688 0
-1.3201 -1.0682 0
-0.4897 1.8081 0
-0.9300 0.4313 0
-0.5634 -1.1029 0
0.4100 -0.5469 0
0.5040 1.5635 0
-0.2964 1.4249 0
1.3338 -0.0045 0
0.5122 0.3322 0
-0.1057 -1.0733 0
-0.7052 -0.9043 0
1.4108 -2.4712 0
-0.3928 -1.2034 0
-0.9396 0.8501 0
0.6715 -0.6260 0
1.5696 -0.8518 0
-2.3161 0.3283 0
0.4513 -0.7585 0
2.0782 1.5503 0
-0.7480 0.0218 0
-0.1487 -0.7516 0
-0.7593 -0.7732 0
2.1936 0.1249 0
0.8177 -0.0408 0
-1.4545 1.0218 0
-0.6739 0.8799 0
1.4626 2.4565 0
3.0211 2.2194 0
-0.0331 -0.4187 0
1.7091 0.6213 0
0.3491 0.9560 0
0.8159 0.8829 0
0.2984 -0.3080 0
1.0304 0.2594 0
-1.1314 -0.3394 0
1.6631 0.6740 0
-0.0285 -0.4754 0
0.0949 -1.4537 0
2.8945 0.3984 0
0.1558 0.6416 0
-1.8999 0.8567 0
0.9145 -0.9235 0
-0.6508 -0.0839 0
1.3089 2.5583 0
1.8813 -1.3283 0
1.4593 1.1463 0
0.4526 0.4541 0
-1.0691 -1.6425 0
0.6466 0.0522 0
-0.4660 -1.2009 0
0.3829 -1.2959 0
-0.8219 -0.1780 0
-1.5793 -0.4193 0
-0.3009 -0.9337 0
-0.0229 -0.1166 0
-0.7906 0.5891 0
0.0723 -0.3875 0
1.1881 -0.6767 0
-0.3088 -0.1865 0
0.7899 2.4680 0
1.6420 -1.1767 0
0.6155 0.0866 0
-0.3367 1.0849 0
-0.4766 -0.7141 0
0.7724 1.4456 0
-0.2045 0.1279 0
-1.9722 -0.6157 0
0.1348 0.9964 0
-1.1899 -0.6870 0
-0.7418 1.0394 0
0.3799 -1.6264 0
-0.0371 -1.3370 0
-0.1493 0.5276 0
-1.3814 0.4052 0
1.1604 1.7383 0
-0.9511 -0.8088 0
0.5706 -0.3098 0
0.5734 -1.9103 0
-0.8059 -2.8505 0
1.1340 0.3517 0
1.4780 -1.0111 0
-0.6588 0.7043 0
1.4187 0.5717 0
-1.2055 -0.8594 0
-0.5359 0.1089 0
0.3701 -1.0639 0
-0.8901 1.0347 0
0.2049 -0.5788 0
-0.4337 0.4547 0
-0.5717 -1.7769 0
-0.1644 0.6488 0
1.1050 -0.0773 0
-0.9943 -2.1049 0
-0.6763 -0.5872 0
1.5811 0.1789 0
1.0827 1.5953 0
0.0908 -0.5743 0
-0.7900 0.0961 0
0.0173 -1.6428 0
-0.6239 0.8264 0
1.5921 -0.2967 0
-0.8479 1.6295 0
0.5661 -1.6400 0
0.1124 -0.9691 0
-0.6728 0.6836 0
-0.9485 -1.0187 0
0.6483 0.4107 0
-0.1523 -1.3340 0
0.2483 1.5271 0
1.3260 1.5913 0
1.9687 0.4015 0
1.2602 1.8762 0
0.3527 0.0907 0
1.6241 0.5166 0
-1.6208 0.7865 0
1.8437 0.1376 0
-0.0487 -1.0243 0
-0.6627 0.1012 0
-1.9463 -0.2700 0
0.0737 -0.5626 0
0.0786 0.1752 0
-0.6386 -0.0123 0
0.9592 0.6337 0
-0.6322 -0.3684 0
0.1726 -0.2543 0
0.1957 1.6003 0
-0.1089 0.5810 0
0.3127 -1.9988 0
-0.8717 0.1550 0
0.0482 0.6084 0
0.0599 1.3280 0
-1.3847 -0.0835 0
-0.1450 0.4031 0
0.2261 0.1578 0
0.4492 1.3515 0
0.7956 -0.3019 0
0.6494 0.9069 0
-0.1160 -0.4438 0
0.5724 0.4627 0
0.1610 0.1061 0
-0.5154 1.1622 0
0.5918 -0.1867 0
-0.6472 0.1661 0
0.8306 0.5717 0
-1.4495 -0.0581 0
1.8174 -1.2717 0
0.8770 -0.8103 0
1.0616 -1.5851 0
1.0419 0.4485 0
-0.8006 0.5337 0
-0.1874 1.6831 0
1.0481 0.6737 0
-0.0358 -0.4463 0
-0.7838 0.7761 0
-2.5723 -0.2722 0
-0.8447 -0.0691 0
-0.0771 0.7971 0
-0.0262 2.0238 0
0.6002 1.2053 0
-0.2928 1.7675 0
0.9708 -0.7374 0
0.3867 -0.2395 0
0.6751 -0.1210 1
3.7714 -0.0098 1
2.8800 0.9682 1
4.5676 0.9870 1
5.8103 0.9570 1
3.2906 0.2098 1
3.1988 1.7579 1
3.3669 0.2340 1
3.2843 2.0191 1
3.3006 1.0363 1
4.3451 -0.5729 1
3.9824 2.7718 1
3.9151 0.5488 1
4.6168 1.1958 1
5.0868 1.6213 1
2.7841 1.0225 1
2.9786 0.8665 1
4.0639 0.7945 1
2.9625 1.3674 1
4.9946 -0.2808 1
4.8293 0.0425 1
4.2100 0.4863 1
4.9062 2.0455 1
3.5401 0.8496 1
3.1478 2.4172 1
3.2313 0.5704 1
4.7448 0.1120 1
4.9850 1.8452 1
5.0858 1.9803 1
4.0438 1.1019 1
3.4665 -0.2530 1
3.1835 0.3200 1
5.0499 2.2458 1
4.1611 3.0580 1
3.4315 -0.5727 1
5.1782 0.4686 1
3.7133 1.1702 1
5.1160 1.3528 1
4.3240 0.6299 1
4.2432 2.5872 1
4.7427 1.1368 1
5.3997 0.3982 1
3.8659 3.3988 1
5.2582 0.2844 1
3.6076 0.0656 1
3.0755 -0.3610 1
2.2668 2.1805 1
4.2906 1.8682 1
4.9675 0.8514 1
1.7909 0.8420 1
5.4292 0.5310 1
6.3949 2.6917 1
4.4488 1.9659 1
4.7782 -1.0983 1
5.5788 1.4320 1
5.9046 0.1712 1
3.1254 -0.9596 1
3.2391 0.6247 1
2.8957 1.8743 1
4.7421 1.1522 1
3.1371 0.8489 1
4.7561 0.4990 1
2.9696 -0.1310 1
2.7020 -0.0701 1
4.7485 1.4241 1
4.3200 1.6594 1
2.6853 2.5652 1
2.9073 0.7742 1
4.4688 -1.2236 1
5.2951 1.1529 1
1.7500 1.4745 1
4.2739 0.0603 1
4.6167 2.6388 1
5.9602 2.2736 1
5.4464 2.7776 1
5.2493 1.3414 1
3.6885 2.1011 1
3.4664 0.6266 1
3.6265 1.2225 1
3.5913 2.3378 1
3.5323 0.9253 1
3.4362 1.4737 1
2.1277 0.3786 1
5.6814 1.8210 1
3.6292 1.5893 1
5.3101 1.1917 1
3.2400 0.6306 1
1.7795 0.6574 1
3.1476 1.3878 1
3.8716 1.8630 1
4.7819 0.9531 1
5.7543 2.2030 1
2.3906 0.3950 1
4.8739 -0.2289 1
5.3710 2.5977 1
4.3988 1.7946 1
3.9789 2.4374 1
3.2287 0.8959 1
4.5488 3.3552 1
3.9569 1.4479 1
3.3898 2.5724 1
5.4964 0.1017 1
5.0594 2.1575 1
5.6819 0.4054 1
3.9266 0.1942 1
3.7982 2.2640 1
3.9694 2.5199 1
4.3712 1.1310 1
5.5486 2.5707 1
3.9724 0.2215 1
3.9563 0.9981 1
4.5861 0.3499 1
3.4313 1.7135 1
5.4966 1.8132 1
5.9992 0.3406 1
1.5769 -0.8037 1
4.3558 0.8994 1
4.3267 2.3247 1
5.7971 2.5600 1
3.0297 0.6600 1
3.7906 1.0742 1
2.7250 0.8574 1
5.0867 0.6489 1
2.6377 -1.2599 1
1.2604 0.4799 1
3.3366 -0.5192 1
1.7109 0.1247 1
3.7771 -0.9652 1
5.0450 2.5578 1
3.8869 0.6327 1
3.5806 0.5606 1
3.8102 0.5230 1
3.1354 0.6583 1
3.8691 2.0864 1
4.5525 1.2982 1
3.5075 -0.3573 1
5.9644 2.1338 1
5.3952 1.3491 1
2.0003 1.2009 1
3.9971 2.1134 1
3.3439 -1.2586 1
4.5956 1.4869 1
4.0635 2.3723 1
2.1441 -0.3926 1
3.8800 -0.6837 1
3.8128 2.1442 1
5.0166 0.8244 1
4.0959 1.3189 1
1.9072 0.9009 1
4.2052 1.3319 1
4.1553 0.7130 1
3.7405 -0.1065 1
6.2057 1.5203 1
2.1541 -0.3813 1
3.4614 1.8585 1
3.9749 0.6762 1
4.2106 -0.4200 1
6.7273 0.9287 1
3.9466 0.9178 1
2.3611 -0.2109 1
3.5624 0.5717 1
4.2291 0.3161 1
2.0102 0.0341 1
3.8284 1.6318 1
2.5529 -0.3536 1
1.9796 -0.6036 1
4.7837 1.5588 1
4.1774 0.1739 1
4.5283 0.9825 1
2.7651 0.9170 1
3.4653 1.1039 1
4.7048 2.2409 1
2.5642 2.3221 1
3.9613 1.3642 1
4.4298 -0.0045 1
2.5503 0.5802 1
3.2799 0.6507 1
4.3614 1.4955 1
3.6524 0.8814 1
3.5015 1.8110 1
3.8536 1.7163 1
4.3514 0.3306 1
3.5217 1.8653 1
2.8359 0.9557 1
4.5501 1.2296 1
3.6660 0.6439 1
4.1325 0.8754 1
2.9553 -0.6806 1
4.8338 1.7995 1
3.9953 1.1041 1
4.3252 1.1015 1
3.9763 1.8522 1
6.5228 0.8746 1
3.8550 -0.0832 1
3.6514 1.4699 1
3.7590 -0.1031 1
5.6882 0.9469 1
6.2532 1.9506 1
2.7886 0.8768 1
4.3581 0.9656 1
