# X1 X2 y
4.6120 7.6645 0
3.7718 6.3318 0
1.4024 3.8849 0
0.6070 4.0351 0
1.7990 5.6538 0
-1.0524 2.5942 0
2.6530 4.8948 0
2.4048 5.3868 0
2.4777 4.7324 0
2.1830 5.3529 0
2.4582 5.3200 0
1.8855 5.0096 0
0.8602 3.5363 0
1.8919 4.7416 0
1.9096 4.9817 0
1.6176 4.4846 0
1.4851 5.3111 0
1.9449 4.6967 0
2.4130 5.5646 0
3.3091 5.9568 0
0.4988 3.8020 0
2.3593 4.9819 0
3.9690 6.6643 0
2.1835 4.6129 0
0.4688 2.9180 0
3.4522 7.0062 0
3.1038 6.4324 0
1.6480 4.9225 0
2.0804 5.0137 0
3.2789 6.5568 0
1.1157 4.2526 0
2.3133 5.0734 0
2.8063 5.4067 0
1.0644 4.1724 0
4.1779 7.7699 0
3.1949 6.0267 0
3.3334 6.0630 0
3.0666 5.6519 0
2.9069 5.4204 0
2.3523 4.8911 0
3.2582 6.1243 0
2.8625 6.2127 0
2.3839 4.8504 0
2.1558 4.6185 0
2.5603 5.4827 0
2.0554 5.4405 0
0.5972 3.4236 0
1.8165 5.0899 0
2.7424 6.4452 0
1.8259 4.4177 0
1.2330 3.9141 0
1.5745 4.9072 0
1.5703 5.8278 0
2.7360 5.2182 0
0.5879 3.6088 0
-0.1831 3.5588 0
1.2728 4.3254 0
3.1248 6.5765 0
1.6397 5.0558 0
1.2531 4.7175 0
1.5037 4.1212 0
1.2145 4.2220 0
0.7773 3.7777 0
1.6347 5.0785 0
2.8395 6.4544 0
4.2037 7.2762 0
1.4768 5.3325 0
4.0883 7.0502 0
2.9586 5.5943 0
2.1462 4.7707 0
2.0172 4.9919 0
1.6633 3.7855 0
2.6558 5.3783 0
2.2839 5.7194 0
2.8603 6.0512 0
0.3597 3.6411 0
1.8156 5.0753 0
2.3625 5.6137 0
1.0749 4.4355 0
1.6861 5.2216 0
1.3360 5.2087 0
1.8140 4.7440 0
2.7018 5.4823 0
3.7388 6.6858 0
3.7904 6.3360 0
1.1466 4.2658 0
2.8212 5.3782 0
3.1213 6.0444 0
1.5817 5.4547 0
1.4495 4.2508 0
2.3905 5.4339 0
3.5903 6.5398 0
1.5404 4.5003 0
1.1771 4.3799 0
1.9925 4.8345 0
1.9587 4.6860 0
3.0721 6.4639 0
1.6235 4.9249 0
2.0371 5.6185 0
1.5700 4.9115 0
2.4089 5.4091 0
2.6726 5.8246 0
2.4686 5.3279 0
1.8509 3.7171 0
1.1512 4.1463 0
1.9868 4.5461 0
0.8315 3.8179 0
1.9529 5.2894 0
3.0075 6.0819 0
2.1953 4.9633 0
0.7095 3.5865 0
2.4580 5.5258 0
2.5689 5.6043 0
2.6652 5.2689 0
1.1040 4.0649 0
2.4323 5.2228 0
1.6523 4.9400 0
0.2991 3.4279 0
1.3205 4.3077 0
0.7978 2.8081 0
0.4542 4.1177 0
1.5995 5.0747 0
1.2512 4.5810 0
0.9410 4.3806 0
2.5194 7.0064 0
2.1392 5.3969 0
1.9075 5.1835 0
3.1543 5.9469 0
2.3247 5.5398 0
0.2935 3.4216 0
1.3944 4.6676 0
2.2238 5.0098 0
0.6966 4.0311 0
1.6204 4.1290 0
1.4537 4.3763 0
3.2070 5.8609 0
1.3508 3.6511 0
1.3258 4.3187 0
2.6915 5.6609 0
3.7485 6.3859 0
0.2732 2.5997 0
0.7749 3.9859 0
1.6311 4.0519 0
1.4215 4.1036 0
2.8082 5.1582 0
2.2790 5.1362 0
2.2644 4.9403 0
2.8998 5.9069 0
0.4636 4.0640 0
0.9466 4.0661 0
2.3033 5.3680 0
2.0373 4.3182 0
0.1395 3.8213 0
2.4557 5.4181 0
1.5805 4.6206 0
1.5089 4.3795 0
1.4436 4.1276 0
2.2137 4.8629 0
1.3582 3.8776 0
1.1880 4.2224 0
1.3439 4.1915 0
2.7129 5.8794 0
1.5095 5.0031 0
1.6999 4.8433 0
2.7501 6.2635 0
2.4667 5.1468 0
1.7776 5.8838 0
2.2572 4.4115 0
2.1103 5.5762 0
3.3661 6.1489 0
2.7168 5.6355 0
2.6356 6.4953 0
2.8206 6.2356 0
3.8958 6.1522 0
1.7389 4.4898 0
1.4535 5.0656 0
2.2157 5.4770 0
3.5020 6.0031 0
0.8107 4.5295 0
2.9409 5.5832 0
0.8653 4.0980 0
1.3803 4.3678 0
1.9985 4.9870 0
1.6692 3.8616 0
0.5195 3.8926 0
1.6326 4.5757 0
0.6864 4.1901 0
2.4996 5.2418 0
2.1122 5.4435 0
0.2761 3.4912 0
1.4554 4.3574 0
1.1994 4.6663 0
2.5665 5.0098 0
2.3701 5.2124 0
1.2827 4.6343 0
1.3064 3.9164 0
0.6620 3.7365 0
1.5184 4.8812 0
1.5849 5.8118 0
2.4571 5.1168 0
2.5002 5.4842 1
2.6933 4.4553 1
1.8565 4.2953 1
1.4625 4.1844 1
2.3747 5.0637 1
2.6206 5.3652 1
3.0018 4.7919 1
3.0755 4.8714 1
1.4724 4.0715 1
2.3055 4.7402 1
1.2340 4.3564 1
1.4879 5.4520 1
0.8312 4.6214 1
1.5115 5.8688 1
3.4185 4.1125 1
0.7727 4.9313 1
2.7346 5.3481 1
2.3270 4.4287 1
1.1104 4.4254 1
0.5581 5.4856 1
1.7911 5.8580 1
2.0726 5.7704 1
1.0446 7.0060 1
2.1110 5.7189 1
2.4816 7.3896 1
2.2555 4.8355 1
0.7220 4.7358 1
2.3201 6.0108 1
1.9293 4.9635 1
-0.4352 4.7256 1
3.5702 4.0033 1
1.4404 5.1209 1
2.8093 4.5716 1
1.8498 2.8058 1
0.5856 4.1725 1
1.7993 5.3571 1
3.0566 5.2323 1
1.6385 4.2541 1
2.0294 5.2613 1
2.7165 5.4776 1
1.9160 6.2944 1
1.7126 4.6656 1
2.5853 5.4899 1
2.4988 4.4835 1
1.7049 4.2776 1
2.1538 5.1252 1
2.1902 5.5983 1
1.9316 5.6674 1
1.8053 4.0674 1
1.6885 4.6255 1
1.1216 3.9098 1
4.0996 5.9189 1
2.3106 5.4736 1
2.5787 4.6033 1
2.9151 5.9449 1
0.3886 3.9210 1
1.5810 4.1122 1
2.3399 4.8032 1
2.8758 5.4260 1
3.3180 4.9631 1
1.6766 3.3378 1
3.5771 3.7576 1
2.2940 4.2320 1
0.4453 3.5123 1
2.3011 3.9914 1
1.5935 4.6400 1
1.6689 5.7583 1
2.0860 5.3473 1
0.6744 6.5708 1
0.9060 4.3679 1
2.0698 5.3011 1
1.3179 5.9359 1
2.8735 5.6773 1
1.3518 3.3450 1
2.0436 4.4571 1
2.7504 4.8377 1
3.1384 3.4219 1
2.3575 6.5040 1
2.6814 6.3951 1
1.2811 4.5743 1
2.7847 4.4044 1
1.3362 6.4808 1
1.9332 5.0965 1
1.9571 6.9262 1
1.7166 4.6794 1
1.3686 4.6035 1
1.7319 5.0205 1
0.0039 3.9099 1
3.7129 6.0338 1
2.3305 6.1007 1
3.1287 5.7496 1
2.3782 4.1960 1
1.5924 4.6379 1
1.8640 4.7707 1
2.7511 4.5700 1
1.9288 5.1282 1
1.7489 4.3737 1
1.2934 2.2473 1
1.1550 3.8476 1
3.3316 4.8796 1
2.6532 5.5093 1
1.6751 4.3579 1
2.7940 4.0969 1
1.6738 5.3042 1
1.3712 3.9579 1
3.1191 4.4532 1
0.8342 5.7670 1
3.7370 6.0932 1
1.6351 4.5802 1
1.9075 3.3515 1
3.6512 5.4443 1
0.8546 5.5487 1
1.9871 4.7078 1
0.5139 5.3678 1
1.4318 6.4542 1
0.0341 4.6494 1
1.6612 6.2451 1
1.2617 3.7577 1
0.5085 4.9477 1
2.2451 5.2250 1
3.5807 6.8134 1
0.9464 4.4339 1
3.4042 4.1954 1
2.2153 5.7297 1
3.9206 5.1781 1
1.8389 4.7898 1
2.2792 4.3220 1
0.7483 2.8150 1
2.0564 5.3965 1
-0.0412 4.7975 1
2.2291 5.2079 1
1.8316 5.2756 1
3.5441 6.3707 1
1.9765 6.6322 1
2.4906 6.5516 1
1.7674 5.7294 1
1.2954 3.9900 1
2.1601 5.4005 1
1.1142 4.7601 1
3.3588 6.4852 1
1.3437 4.4382 1
2.2422 3.7802 1
1.6033 4.0526 1
1.7638 4.4350 1
1.8223 4.0042 1
2.4706 4.8143 1
2.7451 7.2485 1
0.2416 4.6756 1
3.2240 4.9656 1
2.4966 4.7975 1
2.4936 4.4931 1
2.7382 4.3580 1
4.1783 5.5308 1
2.2182 4.1412 1
2.1519 4.7271 1
3.5984 5.0091 1
3.1953 6.7386 1
1.9297 5.0895 1
2.7099 6.1994 1
2.0013 6.2257 1
2.3954 5.8939 1
1.7442 4.7361 1
3.0033 4.0410 1
1.2282 4.9476 1
1.8476 6.3911 1
3.1760 4.8779 1
0.8810 6.0313 1
2.9633 5.5807 1
1.2897 3.4947 1
2.8352 6.6625 1
1.1872 5.6668 1
0.8908 3.8252 1
1.6704 4.2970 1
-0.0315 3.1113 1
4.2563 5.7978 1
1.4592 4.3252 1
1.1873 6.5284 1
2.7618 6.2694 1
2.7247 6.1619 1
-0.5133 3.8297 1
3.4168 4.0563 1
2.1433 6.0444 1
4.0034 4.7717 1
1.6590 4.6933 1
2.7823 6.6666 1
2.7870 3.6985 1
1.1969 3.2757 1
1.2637 5.4363 1
3.3660 6.0152 1
0.4531 5.6314 1
2.5802 5.2900 1
0.1744 2.9845 1
1.8856 6.4808 1
2.0429 4.5739 1
2.8470 5.3645 1
1.3265 5.0940 1
0.5571 5.4435 1
1.8380 6.0762 1
2.3763 6.1159 1
2.2652 3.8912 1
