# X1 X2 y
1.6874 5.9567 0
1.1793 7.8727 0
3.2837 4.1337 0
2.6428 6.7653 0
3.0156 4.1494 0
1.8701 5.6977 0
0.1474 5.6017 0
3.1507 4.7412 0
0.9910 3.8861 0
2.6830 4.0905 0
2.8651 4.7553 0
0.9644 5.2663 0
0.8082 5.7566 0
0.8243 3.4502 0
0.8486 4.4659 0
2.1200 4.7758 0
2.9100 5.3693 0
2.0500 5.8973 0
1.9105 4.2257 0
1.8657 4.9676 0
2.2160 5.2490 0
2.8991 4.1501 0
3.2602 5.2297 0
2.9611 5.4935 0
2.5678 3.9904 0
1.0612 3.5816 0
3.2279 4.6817 0
2.7933 5.3092 0
2.9289 4.9661 0
1.5144 5.2799 0
2.6627 4.9278 0
2.0643 5.1460 0
1.7486 5.0475 0
1.7427 3.8349 0
1.7294 2.7169 0
1.8437 3.9143 0
3.8211 3.9147 0
1.0182 6.6290 0
2.5160 6.3818 0
1.7884 4.7815 0
3.8765 1.4599 0
3.2055 4.8121 0
1.6539 3.9560 0
2.3110 5.2807 0
2.1714 7.4514 0
3.0500 4.2666 0
1.0478 3.4101 0
2.8557 5.0058 0
2.1743 2.8959 0
2.6562 7.0434 0
2.8196 6.7626 0
0.9755 3.9023 0
1.9174 4.0967 0
0.8160 4.2763 0
1.7264 6.7935 0
4.0098 4.3947 0
1.9789 5.2813 0
3.9085 6.1657 0
0.5252 4.6605 0
2.3541 6.0073 0
2.5432 4.4947 0
1.3857 4.9402 0
2.4018 5.8080 0
2.5886 3.7693 0
1.8766 6.2013 0
1.9709 4.1939 0
1.5415 4.3075 0
1.6945 4.5983 0
1.0383 5.8954 0
3.0116 3.7116 0
1.2899 5.6884 0
2.7505 4.2628 0
2.8107 4.8122 0
2.0922 4.5760 0
2.9161 4.1807 0
2.1199 5.8686 0
1.8700 3.7528 0
2.1236 6.2004 0
2.6506 4.7852 0
1.0225 5.2178 0
2.5964 4.9532 0
1.2726 4.5652 0
1.8742 4.5279 0
1.8514 6.1862 0
4.0873 5.2005 0
1.2187 8.1616 0
1.8818 3.5541 0
0.7501 5.7702 0
1.9106 4.1155 0
2.4948 5.5266 0
1.4635 4.4519 0
3.9096 5.3460 0
0.1244 6.7521 0
1.6146 7.8244 0
3.1928 4.1194 0
2.1288 5.9376 0
2.7146 3.9462 0
1.7363 4.7362 0
1.8801 6.4060 0
4.5423 4.4352 0
1.9619 5.4307 0
0.8076 2.8169 0
2.3423 5.5604 0
2.0412 4.9332 0
2.0999 6.0951 0
3.3929 4.5053 0
2.7728 4.5608 0
2.2321 5.7071 0
1.5157 5.1431 0
1.6476 5.0282 0
2.8488 5.9836 0
1.0585 4.4840 0
2.1437 3.5457 0
2.6313 6.3170 0
3.1502 4.4542 0
2.6302 4.8588 0
-0.1541 5.0067 0
2.9713 2.7172 0
1.8747 3.2156 0
1.6201 3.2416 0
0.8827 3.9989 0
2.1952 6.0127 0
0.6285 6.2902 0
2.8929 4.9122 0
1.3173 5.4483 0
0.4864 4.0621 0
3.0818 5.8316 0
2.9673 3.6931 0
1.3953 3.9184 0
3.3901 5.7228 0
0.3458 4.5509 0
1.6430 6.1064 0
4.3739 6.5181 0
1.2120 5.6114 0
0.9740 4.1014 0
0.6076 4.9893 0
2.5764 4.8961 0
1.3226 2.8940 0
0.8976 4.2634 0
2.3290 5.3710 0
0.9483 6.8723 0
1.4982 3.0535 0
3.4288 4.9371 0
0.3933 3.9394 0
1.9721 5.0563 0
0.9794 3.8438 0
2.4087 6.1546 0
1.2365 2.8913 0
0.5264 4.6860 0
2.7142 6.2878 0
3.7856 6.9319 0
3.4912 4.2791 0
1.0295 4.5979 0
1.8385 4.0887 0
2.0383 6.8509 0
1.8308 6.8082 0
1.0620 6.0331 0
0.8454 4.3165 0
1.4750 4.1314 0
2.7323 3.4528 0
3.5700 5.8307 0
2.1896 5.0570 0
-0.0926 4.7449 0
2.7384 3.9220 0
2.6354 5.2264 0
2.2196 5.7466 0
0.2070 4.9370 0
0.8922 5.3233 0
2.0332 3.1905 0
2.8736 5.7562 0
2.7514 5.0957 0
3.2343 4.0599 0
1.9143 3.5141 0
0.2688 3.9975 0
2.5797 6.1724 0
3.2399 5.3645 0
1.5253 3.6186 0
1.9108 5.6927 0
3.8408 4.2902 0
0.4701 4.8625 0
1.3987 3.4210 0
0.9390 3.8452 0
1.0612 5.7314 0
0.3139 3.7886 0
1.1659 2.9084 0
2.6316 6.6063 0
1.4544 5.0323 0
2.8266 5.8511 0
0.1844 5.7329 0
3.0563 5.1747 0
1.1340 5.7294 0
0.6416 6.9297 0
1.2353 3.9056 0
1.0543 4.0291 0
3.9774 6.4422 0
1.3810 4.5919 0
1.1918 5.7177 0
1.2639 4.8414 0
3.9428 4.1938 0
1.9267 4.6528 0
6.5520 8.6660 1
7.2892 7.1989 1
7.0749 8.4132 1
5.0333 5.9935 1
3.6008 5.1889 1
7.9966 6.8689 1
5.5523 7.0833 1
6.0456 7.3416 1
5.9541 6.5015 1
7.5073 8.5691 1
4.7640 7.8296 1
5.2896 6.6583 1
6.7150 7.0626 1
5.3377 8.6202 1
4.9952 4.8498 1
7.3684 6.5538 1
6.2010 6.6694 1
6.9797 6.8305 1
6.4509 8.1116 1
4.8574 7.1044 1
3.9156 6.4086 1
6.2907 6.4174 1
4.7835 7.3165 1
6.0713 6.7955 1
5.3648 6.3492 1
7.0228 6.8451 1
5.3629 7.0729 1
6.0553 6.1276 1
5.9333 5.2063 1
5.5893 6.2682 1
7.9722 6.7333 1
7.5884 7.7491 1
4.5796 6.6818 1
5.2635 6.9158 1
6.1402 7.2786 1
5.5807 7.4120 1
7.2436 7.2307 1
6.2086 7.3395 1
6.8611 6.8406 1
5.9678 7.1143 1
6.7837 6.8774 1
6.8180 6.4716 1
4.3418 8.2522 1
5.4136 7.0923 1
6.4327 5.9752 1
6.7585 8.0689 1
6.4812 5.8312 1
5.4249 7.9092 1
4.8160 7.6976 1
6.3244 8.0722 1
6.2556 7.9143 1
8.0188 8.4156 1
3.9026 7.1610 1
5.3219 6.6000 1
5.4699 6.8029 1
5.5271 6.6307 1
5.9112 5.9234 1
4.9858 7.7087 1
7.3152 7.8287 1
5.7182 5.9465 1
6.6149 6.3953 1
7.3956 7.8676 1
6.6706 6.8178 1
5.6948 6.9020 1
3.4376 4.8911 1
7.8096 8.0578 1
6.5670 8.2374 1
6.3107 6.1662 1
6.8753 7.1182 1
4.7845 7.0710 1
6.6617 9.4414 1
5.5202 8.7888 1
4.3452 7.4660 1
7.0926 6.5622 1
6.4208 5.9668 1
6.3245 7.3113 1
5.8747 6.0611 1
7.8720 6.7936 1
6.6611 7.4188 1
6.0507 7.3371 1
5.0284 7.3543 1
6.5299 7.5526 1
6.6618 7.9466 1
7.5595 8.0492 1
7.0441 8.5500 1
6.1367 7.3130 1
7.3650 9.5824 1
6.9999 9.1409 1
6.2662 7.0469 1
3.4498 7.6059 1
6.9951 6.5999 1
6.3383 6.0844 1
5.6989 4.6752 1
5.3542 7.6898 1
4.9070 6.5470 1
5.1331 6.6726 1
6.6734 8.4753 1
6.2194 8.0149 1
7.2334 7.3807 1
6.9382 6.7603 1
3.9212 6.0052 1
6.5289 6.4413 1
4.1309 8.2051 1
5.2046 6.0032 1
5.1141 6.9757 1
7.0949 7.2186 1
5.4947 7.9359 1
5.4687 8.1412 1
7.0958 8.1044 1
3.6814 6.0771 1
5.8002 7.5547 1
5.2790 6.4346 1
5.8306 8.2299 1
4.5514 7.2429 1
3.7472 6.3059 1
7.2886 7.3999 1
5.6317 8.4956 1
6.0266 6.1876 1
6.0994 6.5256 1
6.2729 7.1737 1
3.9435 7.2440 1
3.5810 5.3580 1
5.7693 7.8428 1
6.8790 5.2881 1
6.8696 7.3774 1
5.3753 6.6054 1
5.3411 7.7049 1
7.5577 8.3543 1
6.7068 6.4322 1
6.4580 7.1847 1
6.9911 6.6434 1
5.7366 6.0392 1
7.5719 6.7559 1
5.5174 8.1018 1
4.8776 6.1261 1
7.5618 6.7452 1
5.1944 7.8338 1
5.5618 6.9000 1
4.7804 7.2501 1
7.4607 7.3582 1
6.5332 6.2317 1
5.6378 5.9116 1
7.1472 5.6862 1
5.5008 7.8104 1
5.6948 6.3519 1
5.5667 6.9307 1
6.7077 7.2751 1
8.1548 7.3171 1
6.0844 7.1990 1
6.1872 8.1172 1
5.6556 7.2634 1
5.0992 5.6556 1
5.6257 7.5568 1
4.7676 8.7558 1
5.9973 6.3463 1
5.8978 5.1795 1
7.8054 6.3587 1
4.6582 6.4683 1
4.7701 5.9160 1
6.3216 6.8967 1
5.8733 6.9502 1
6.7547 6.7120 1
5.8385 8.0542 1
6.4587 6.4641 1
5.3084 6.3546 1
6.4057 6.3403 1
6.2528 7.8914 1
6.4796 6.3854 1
7.6654 9.1144 1
5.2309 7.3287 1
6.1484 7.4029 1
3.6840 7.3980 1
6.7138 8.1702 1
6.1021 7.3599 1
6.4991 5.4409 1
6.6385 7.9096 1
5.9584 8.4344 1
5.4933 6.2482 1
6.1639 6.5785 1
6.4606 6.5419 1
5.4349 4.6709 1
6.8325 7.2755 1
6.1199 8.8082 1
5.7282 5.8382 1
7.0824 8.6861 1
4.0754 6.4361 1
5.9217 6.1113 1
5.3397 7.6323 1
4.6341 8.1736 1
5.0194 6.4022 1
6.3864 6.6234 1
6.0765 5.5737 1
4.0872 5.2509 1
5.8389 9.2825 1
6.4118 6.0600 1
5.4711 9.2992 1
5.5680 6.3362 1
6.5100 5.9560 1
6.0221 7.5761 1
5.8854 6.9388 1
