# X1 X2 y
4.3667 6.5786 0
1.5582 3.9388 0
4.3625 6.2848 0
1.7921 2.8495 0
2.6619 4.9617 0
1.9104 3.8016 0
2.6192 4.0153 0
1.4082 3.6184 0
3.7457 6.2901 0
3.6498 6.5307 0
1.8470 5.1638 0
1.7397 3.9623 0
2.1094 4.9358 0
3.8997 6.7019 0
2.0043 3.8750 0
3.2590 5.4674 0
0.5306 3.0129 0
0.9616 3.6916 0
3.3835 5.5542 0
2.5624 5.5551 0
3.2324 5.2299 0
2.4969 4.4315 0
3.2274 4.9827 0
3.5248 5.9054 0
2.8317 5.8152 0
4.0847 6.4512 0
5.4591 7.4711 0
2.4580 4.8832 0
1.1815 4.1907 0
3.1839 5.3668 0
3.1606 4.4324 0
4.4096 5.7915 0
1.7079 3.9965 0
1.6710 4.1282 0
0.8422 3.5540 0
2.6935 5.5547 0
2.1503 4.6041 0
3.6074 5.8549 0
1.0362 4.1372 0
1.7463 3.9178 0
2.2855 4.7517 0
3.0342 4.8423 0
1.3990 3.8468 0
2.7730 5.2124 0
2.6849 5.0713 0
2.8767 5.1975 0
2.8153 4.4865 0
3.2930 5.6290 0
3.1423 4.8664 0
1.8065 4.9660 0
3.3821 6.2093 0
2.3945 4.9589 0
1.2408 4.3304 0
1.2315 3.1586 0
4.3741 6.7340 0
0.5155 3.0683 0
1.6335 5.1653 0
1.4973 3.9192 0
2.4565 5.6188 0
2.6084 4.4148 0
3.1669 4.2931 0
2.2880 4.4818 0
2.5210 4.7630 0
2.2983 4.6208 0
4.0913 5.9946 0
3.6232 6.1433 0
3.8794 6.2160 0
3.2338 5.8272 0
2.7289 4.6254 0
0.6215 3.3076 0
2.6375 4.4321 0
3.2640 5.3331 0
1.3610 3.6991 0
4.6940 6.5307 0
1.4497 2.9495 0
3.5985 5.9197 0
3.5375 6.4331 0
2.9181 4.5258 0
3.3007 6.0969 0
3.3843 5.1421 0
2.9292 5.7997 0
2.0710 3.6569 0
3.1666 6.1410 0
3.1929 5.4801 0
2.6990 4.9401 0
1.9774 4.4439 0
3.0669 5.9230 0
4.0292 5.7627 0
1.7041 4.7624 0
3.9543 6.3402 0
3.6230 5.2726 0
4.8491 7.1438 0
3.0508 5.2787 0
3.1721 5.2992 0
3.5581 5.1052 0
1.0822 3.9662 0
2.0390 3.9167 0
3.0960 6.0613 0
1.7874 3.6565 0
3.5144 5.9070 0
3.3148 5.1821 0
2.9066 5.4296 0
4.2757 6.5920 0
2.9178 5.5725 0
3.3118 4.9447 0
1.8518 3.9814 0
2.6635 6.0543 0
2.3398 4.5822 0
4.4323 6.3726 0
2.2305 5.8433 0
1.1063 3.2728 0
2.5546 5.0883 0
1.4062 3.8526 0
3.3472 6.0031 0
1.8469 4.4256 0
2.1483 4.4346 0
3.3966 4.9110 0
2.8987 5.3986 0
4.2547 6.9358 0
1.8198 4.1441 0
2.3609 4.9557 0
2.6082 4.6884 0
1.4519 3.8001 0
2.9325 4.6854 0
3.5498 5.6152 0
3.4426 5.8259 0
2.7621 5.7043 0
1.6705 3.5536 0
3.2740 5.6131 0
3.6819 6.2898 0
2.6273 5.0127 0
2.4189 4.7845 0
1.9973 3.5811 0
2.1279 4.8793 0
3.0862 5.5709 0
1.5388 4.1009 0
2.2525 3.8011 0
2.8580 4.9331 0
3.6058 6.0050 0
4.6521 6.6652 0
3.7146 6.8040 0
2.0197 4.3577 0
3.6504 5.0652 0
2.3206 5.0164 0
3.7881 5.2402 0
2.4185 4.5462 0
3.9708 5.5785 0
2.3616 5.1617 0
4.6951 6.5356 0
1.8471 4.0476 0
2.3646 5.2625 0
2.6631 4.4840 0
1.8171 4.2142 0
1.7926 3.9041 0
2.0418 4.9658 0
2.3253 4.7636 0
2.5136 4.8620 0
3.6295 5.4189 0
2.3231 4.9269 0
2.3792 5.2389 0
2.3032 4.7209 0
2.1114 4.4052 0
2.7230 4.6055 0
3.5564 5.5258 0
4.0431 6.6174 0
2.2175 3.6725 0
4.6315 6.9814 0
2.9450 5.0259 0
4.1244 5.9319 0
3.2124 5.1964 0
2.0823 4.3767 0
3.1884 5.3787 0
1.3897 3.1627 0
4.1926 5.9546 0
3.4522 5.5841 0
3.9786 6.1584 0
3.9787 5.7892 0
2.0398 5.1748 0
3.4254 5.5963 0
1.2260 3.3330 0
2.5929 5.0813 0
2.7169 4.4297 0
2.6298 5.0986 0
2.8749 5.5344 0
0.2617 3.7319 0
2.6660 4.8946 0
2.7400 5.1885 0
2.7927 5.6894 0
2.8617 5.1822 0
3.9364 5.8446 0
5.1152 7.4438 0
2.3209 4.8052 0
1.2502 3.5560 0
3.3660 5.0659 0
2.9898 4.4747 0
2.5759 5.0942 0
3.5773 5.9641 0
1.9591 4.6535 0
3.4851 5.8916 0
1.3013 3.3474 0
2.9192 2.3792 1
2.7716 0.9589 1
4.6468 2.8674 1
0.9441 2.3328 1
2.5356 0.8061 1
3.6845 0.7766 1
3.4273 1.4869 1
2.0775 3.2755 1
3.4459 2.4291 1
2.0550 2.3943 1
3.6929 1.1991 1
3.3418 1.3942 1
1.8170 2.4987 1
3.9043 1.8452 1
2.1275 -0.0780 1
2.3601 2.1047 1
0.9087 1.9021 1
4.4787 0.0060 1
3.5932 2.9690 1
2.6198 0.8552 1
2.9786 0.3929 1
1.8619 2.7619 1
2.1182 1.9703 1
2.0761 3.3486 1
4.7875 4.3587 1
4.4306 2.1483 1
3.6682 2.0312 1
1.2305 1.6131 1
4.8875 1.9535 1
3.0101 0.9216 1
2.9202 1.8372 1
3.2841 2.3424 1
2.6219 1.3264 1
2.8476 0.2901 1
2.9691 1.4285 1
2.9453 2.0654 1
3.0810 1.3685 1
3.7116 2.8802 1
2.7885 1.0466 1
2.9738 3.0086 1
2.9912 1.5601 1
2.1596 2.7541 1
0.5978 1.7677 1
2.5033 3.4578 1
3.6493 2.3693 1
2.2729 2.2362 1
1.2300 2.1373 1
2.9668 3.9919 1
3.1760 4.3445 1
3.4433 0.2021 1
3.9712 2.8246 1
2.3512 2.5097 1
2.7654 2.7250 1
3.3017 3.9819 1
2.5230 2.5127 1
2.8575 2.0319 1
3.0440 2.9175 1
5.1284 0.2969 1
2.2916 2.7677 1
3.4678 3.2233 1
0.9049 3.6706 1
1.8172 0.4132 1
2.3541 0.2089 1
2.4035 0.4724 1
2.5095 1.6955 1
3.1489 2.5424 1
3.9681 1.4775 1
1.8133 2.6885 1
2.4338 1.5877 1
4.1782 0.8649 1
3.0634 1.5635 1
3.1984 2.2629 1
1.7932 1.5485 1
2.7906 3.1124 1
2.2695 0.9921 1
2.0910 1.9182 1
3.4924 1.9034 1
2.2717 0.2191 1
3.5079 2.0376 1
2.0090 1.7780 1
5.1312 1.8662 1
2.6498 1.7888 1
2.8831 1.1094 1
3.9308 3.1024 1
3.1391 0.9120 1
2.7612 3.5051 1
1.8833 1.0561 1
2.8286 1.0527 1
3.5479 3.4440 1
4.7139 2.7449 1
2.6177 1.6062 1
3.1049 1.9495 1
5.3504 1.5010 1
2.3491 1.3815 1
2.1701 0.0625 1
3.2325 1.9100 1
3.5687 1.8777 1
4.1753 0.6667 1
3.3260 1.6873 1
1.8978 0.8268 1
1.8027 0.3131 1
2.4125 2.3053 1
2.9320 2.4608 1
3.6559 1.2231 1
2.9019 0.5961 1
2.3144 3.9558 1
3.0908 2.2433 1
3.6797 1.3231 1
3.7267 3.0292 1
2.5658 1.2398 1
4.0495 1.0921 1
2.3800 3.1569 1
2.2548 -0.1721 1
1.4917 2.4552 1
3.5245 3.7527 1
2.4773 2.6982 1
4.0576 2.7280 1
3.6600 2.5452 1
4.1670 1.3919 1
2.0939 1.1541 1
2.9941 2.7633 1
1.5999 0.3393 1
2.2772 0.9363 1
2.8189 2.6852 1
1.7960 1.7480 1
1.8261 1.6845 1
2.0534 3.3324 1
3.8690 1.5757 1
1.6216 1.2755 1
1.3908 3.6641 1
5.0319 4.1090 1
1.7587 1.0328 1
2.2987 1.5726 1
4.1690 1.2766 1
2.9589 2.0766 1
4.3172 2.0817 1
2.3438 2.0474 1
4.0439 1.1599 1
2.9149 3.5524 1
3.7563 2.4695 1
3.9593 1.4143 1
4.6169 1.5718 1
1.8863 2.0530 1
1.7852 3.1203 1
3.6378 0.8357 1
2.3569 3.0681 1
2.1295 1.0042 1
0.3269 1.0066 1
5.4628 2.8863 1
3.3009 2.6107 1
2.6206 0.9397 1
3.7990 3.3707 1
2.8305 0.5599 1
2.0799 0.2591 1
3.1325 3.3054 1
3.4290 4.2334 1
1.4938 1.3304 1
2.0040 3.3562 1
2.7633 1.3200 1
3.3552 4.8563 1
1.9308 1.4193 1
4.6276 0.9661 1
3.2265 1.5310 1
2.6795 2.4467 1
2.3450 1.3348 1
4.1354 2.8912 1
3.1119 1.3704 1
3.1738 2.4637 1
2.3317 2.1304 1
5.8377 2.3034 1
2.4660 0.3166 1
2.0392 1.5929 1
3.3180 1.1213 1
1.8681 0.7563 1
2.4983 1.8829 1
2.3309 3.0703 1
2.7849 0.8624 1
1.6405 0.6277 1
2.7814 2.2259 1
3.4885 3.4953 1
3.0089 3.3690 1
3.4776 0.3519 1
3.0822 0.3226 1
3.6898 2.2380 1
3.4284 1.3669 1
1.9059 3.3216 1
3.2463 2.1584 1
3.9052 0.7061 1
3.7161 3.5194 1
2.1589 0.8636 1
2.4537 1.5177 1
2.4263 1.1971 1
2.5872 3.0711 1
4.1767 3.4233 1
3.2855 2.3312 1
4.6678 2.0456 1
2.3344 2.6891 1
2.9268 0.6200 1
5.8809 2.1028 1
5.2830 3.2648 1
3.2469 7.2910 2
6.2997 7.2548 2
4.4705 8.8257 2
5.7251 7.5369 2
4.9917 6.3347 2
4.4547 8.1090 2
5.6281 6.9294 2
6.0564 7.6849 2
5.2728 6.0615 2
6.7421 7.1368 2
5.2473 7.3665 2
5.9865 6.8425 2
2.1369 5.9387 2
5.8768 9.5396 2
3.5760 6.9513 2
5.6389 8.4855 2
5.2940 7.2956 2
4.6614 7.3659 2
4.7677 5.7079 2
5.6026 7.4414 2
4.4539 6.1162 2
4.6153 6.3204 2
4.6334 6.0663 2
4.9485 6.7147 2
5.9361 7.8650 2
5.3647 7.8458 2
3.8525 5.8745 2
6.2332 8.7078 2
5.3105 6.6945 2
3.4720 5.7643 2
6.0043 7.9074 2
4.9518 7.3726 2
5.1466 6.9978 2
5.0450 6.9212 2
5.5022 6.4284 2
4.1140 5.0440 2
5.6517 6.5637 2
5.1029 8.1191 2
4.6854 7.1455 2
4.4877 5.6039 2
6.4350 7.2216 2
5.9583 8.0539 2
5.2509 9.0231 2
3.8980 7.2891 2
3.8363 6.2165 2
4.3688 8.1328 2
6.2269 8.3414 2
4.0568 6.4698 2
4.7270 5.8642 2
3.6055 7.0403 2
5.5724 7.0306 2
4.1852 6.2516 2
5.0741 8.1218 2
5.0409 6.9085 2
4.8643 7.6304 2
6.0509 6.8222 2
5.2624 6.3736 2
4.1014 8.1294 2
5.3001 8.0097 2
3.3895 4.9810 2
4.1898 8.0189 2
5.3279 7.6015 2
5.7923 7.2612 2
4.8907 7.9965 2
4.6521 6.5398 2
5.9303 6.7995 2
4.5919 6.8180 2
6.5421 7.6286 2
3.2803 5.0779 2
5.7310 7.1408 2
5.8660 8.4785 2
3.9796 5.8315 2
4.8496 7.8497 2
5.0955 5.1611 2
5.1014 7.3877 2
3.4776 4.4125 2
5.2591 8.2443 2
2.8630 5.9212 2
3.7697 4.5341 2
4.4863 7.4376 2
6.5357 7.3656 2
6.2494 8.8391 2
6.2095 7.7897 2
5.2551 6.5875 2
5.3751 7.4014 2
5.1767 6.1635 2
5.9898 8.2643 2
5.5444 8.1785 2
4.1342 7.2394 2
4.1589 6.8898 2
4.5834 7.7773 2
5.4381 8.5990 2
5.2336 6.2201 2
5.2954 6.0524 2
4.7321 6.0146 2
5.6136 7.1257 2
6.9092 6.9028 2
3.6203 5.2968 2
5.3895 8.4506 2
4.9238 6.4282 2
5.9889 8.3162 2
4.3631 5.4101 2
4.7651 7.7351 2
5.1975 8.2573 2
6.3769 6.7670 2
4.3549 7.3951 2
5.9780 6.5432 2
4.8975 8.9119 2
5.1267 7.8833 2
5.6208 8.9007 2
6.3564 6.1893 2
5.2297 7.2488 2
5.0348 8.3745 2
5.0383 6.4564 2
4.5967 6.7857 2
4.1859 7.0889 2
3.1205 4.9325 2
4.8646 5.5329 2
3.8009 5.9877 2
5.0453 8.3951 2
4.0179 5.8995 2
5.2129 7.7630 2
5.5754 7.3129 2
5.8998 7.4429 2
5.4193 7.4829 2
5.2661 7.0607 2
4.8986 7.0668 2
5.8936 7.8159 2
4.5784 7.4061 2
3.0992 3.8424 2
5.3206 5.9027 2
4.7912 7.9387 2
3.7240 6.8248 2
4.0025 8.0667 2
4.1496 8.3755 2
6.1638 6.2934 2
4.2213 5.9155 2
4.0131 6.6288 2
6.7105 6.3055 2
7.3690 9.2517 2
3.9402 6.3918 2
4.0197 5.0270 2
5.5775 7.9702 2
4.4635 6.0385 2
3.6517 4.6091 2
4.1265 6.0678 2
4.9137 8.0956 2
4.8350 7.4295 2
5.2070 5.5527 2
4.4648 6.0820 2
4.8420 6.9097 2
3.5633 8.4421 2
4.7986 6.1589 2
6.0827 9.0867 2
4.9981 6.6127 2
4.5341 7.9246 2
6.0804 7.4198 2
5.0691 8.4642 2
4.7410 6.1914 2
2.5345 8.3567 2
4.9871 7.7963 2
4.6801 5.8590 2
4.3675 4.4917 2
6.2400 6.2905 2
5.7290 8.1460 2
6.1481 5.5981 2
4.1500 5.9644 2
4.5958 7.0884 2
5.6403 6.3632 2
6.1070 6.3118 2
5.6845 7.7948 2
4.2420 4.5655 2
5.2776 7.0929 2
4.3164 6.8102 2
4.5089 6.2533 2
6.1792 6.5304 2
5.3124 8.0038 2
4.4618 5.5664 2
5.3104 7.3122 2
7.5048 8.6861 2
4.5251 6.2526 2
5.6226 6.6799 2
4.9357 8.1050 2
4.8802 9.7795 2
4.3031 6.1138 2
4.8113 7.0231 2
5.6459 6.2958 2
5.1600 6.7707 2
3.7025 5.9201 2
5.4723 6.8912 2
3.8498 6.9253 2
3.8918 5.3298 2
3.7756 5.3399 2
4.8358 6.8453 2
5.0487 6.3219 2
5.1107 6.2318 2
5.8174 6.9951 2
6.0730 7.5157 2
5.9967 7.8613 2
5.3459 7.0681 2
