# X1 X2 y
-0.0516 0.0659 0
-0.0356 0.4658 0
-0.7463 -0.8700 0
1.0784 0.1029 0
-0.1764 -0.6968 0
-0.4409 0.1508 0
-0.1283 -0.1942 0
0.6167 0.2968 0
-0.1587 -0.8796 0
0.9669 -1.6329 0
-0.7390 1.0271 0
0.4415 -0.7450 0
-1.2382 0.8161 0
0.6625 -1.8074 0
-0.2665 0.2004 0
0.7785 2.3813 0
2.6676 -0.3862 0
-1.9500 -0.1608 0
-1.6837 -1.0151 0
-0.2985 -1.2312 0
-0.0738 2.1291 0
1.1419 0.6957 0
-1.1391 -0.8726 0
-0.2612 -0.0588 0
-0.7658 -2.0866 0
-1.4586 0.4511 0
0.9006 1.1613 0
-0.4629 -0.3503 0
1.1245 0.2488 0
1.4195 0.9832 0
-0.1732 -0.4834 0
-1.0216 0.2798 0
0.1941 -0.9394 0
-0.2615 -0.0858 0
-0.1882 -0.0883 0
0.6700 0.1097 0
-0.3471 -0.4011 0
1.2431 0.2558 0
0.0582 -0.1935 0
0.5773 -0.0812 0
0.7414 -0.2182 0
-1.7090 0.0247 0
-0.6661 0.5795 0
2.9080 -0.4409 0
0.5370 0.9197 0
-1.8058 -0.8162 0
-0.1435 1.2085 0
1.3691 -0.4095 0
0.0626 0.5327 0
-0.7215 0.3807 0
-0.4805 0.1374 0
-0.2221 0.9996 0
0.4672 -0.9763 0
-2.3993 -0.0307 0
-1.0892 -0.6609 0
-0.5153 0.2100 0
-0.3353 0.0677 0
-0.4852 1.5440 0
-0.7605 0.3840 0
1.3380 -2.1826 0
-0.0979 0.2456 0
0.1312 2.1489 0
1.7321 -1.6107 0
1.8929 -0.7850 0
-0.1653 0.1279 0
0.4822 1.0849 0
1.2534 -0.2006 0
-0.5454 0.7666 0
-1.6844 0.7051 0
-1.7057 -0.1725 0
1.2589 -1.2012 0
0.3552 -2.8723 0
-0.2344 -0.6824 0
0.6309 -1.9215 0
-0.9428 -0.4441 0
0.1108 -0.2166 0
-0.5564 0.6440 0
0.4409 -1.6937 0
0.3791 -1.0599 0
-0.7083 -2.0897 0
0.5715 0.5662 0
-0.9218 -0.2656 0
-0.4844 -1.9962 0
-1.0074 -0.9769 0
-0.0487 0.4039 0
-1.5254 -0.2870 0
0.3931 1.0898 0
-0.8677 -1.8360 0
-0.1760 -1.0984 0
-0.6980 0.6102 0
-0.7555 0.7161 0
-0.3774 -0.8404 0
0.8580 -0.2461 0
-1.5841 -0.0099 0
1.3419 0.4353 0
0.6784 0.3120 0
-0.6654 -0.6363 0
0.4283 -1.0299 0
-0.6099 -1.3783 0
-0.7071 1.6996 0
0.9087 -0.0317 0
-0.1976 0.5808 0
1.8180 -0.1730 0
0.4928 -1.0916 0
-0.0586 0.4052 0
-0.0295 -0.1783 0
1.4388 0.4189 0
-0.4916 0.6224 0
-0.1386 1.7542 0
-1.5386 -0.7495 0
1.2815 0.4278 0
-0.1383 -0.7970 0
-0.9951 0.9341 0
1.2850 -0.3495 0
-1.4818 -1.0336 0
-0.0076 -0.7823 0
-0.3260 0.7252 0
0.2694 -1.4570 0
-0.1139 -0.5070 0
-1.2973 -1.1100 0
0.1082 -1.1523 0
0.5875 -0.2866 0
-1.0644 -0.8309 0
-1.3869 -1.4260 0
0.5335 -0.5555 0
-0.9668 0.4708 0
-0.8486 1.0281 0
-0.0005 -0.5941 0
-2.0131 -1.5688 0
-0.5611 0.0764 0
-0.1643 -0.2792 0
-2.0257 1.0153 0
-1.7141 -0.4449 0
-0.1447 -1.1113 0
0.5083 1.2437 0
-0.4325 0.8431 0
0.3621 -0.1863 0
-2.1855 0.7863 0
1.4897 0.4077 0
1.5037 1.1723 0
0.0361 -1.7676 0
-0.7780 -1.5531 0
-1.0973 2.1433 0
0.2110 -2.8221 0
0.6246 -0.9246 0
0.0251 0.4386 0
-0.6291 -2.2560 0
-0.7318 -0.6497 0
-1.2430 0.1011 0
-1.1631 -2.5923 0
-0.6609 0.3047 0
-1.2772 -1.4157 0
0.9978 -0.1671 0
0.0698 -1.7145 0
-1.1176 0.6772 0
0.5200 1.0328 0
0.5193 -1.2335 0
1.1910 0.4916 0
0.8659 0.4780 0
1.3861 1.7324 0
0.1377 -1.2952 0
-0.9509 -0.4394 0
-1.1787 -0.5033 0
1.5213 0.0163 0
0.4627 2.1030 0
2.1238 -0.3002 0
0.5404 -0.4772 0
1.7182 0.1867 0
0.2236 -0.0670 0
0.9670 -0.5793 0
0.4118 0.9596 0
-0.2512 0.9875 0
1.2606 -1.3466 0
-0.5501 -0.1248 0
1.4988 0.3880 0
-0.0287 -0.5306 0
1.3933 -0.1347 0
0.2680 -1.6551 0
0.5183 0.4714 0
-1.0115 -1.0869 0
-0.1861 -0.4276 0
-0.3410 -0.6403 0
-2.2475 0.0603 0
-0.9073 -0.0296 0
0.7239 0.5838 0
-0.7782 -0.8024 0
0.7739 -1.6269 0
0.0824 -1.3448 0
0.9523 -0.7696 0
0.3211 1.8891 0
-1.8353 -1.0191 0
-0.5135 2.3159 0
-0.5105 -0.3525 0
0.6040 -1.2630 0
-0.1674 -0.2182 0
0.5807 1.2511 0
-0.9113 -0.5511 0
0.4039 -1.7043 0
-0.2008 -0.7171 0
1.0472 -0.1711 0
-0.1359 0.2548 1
0.3753 -0.8007 1
-0.0821 -0.9512 1
0.0256 -0.5918 1
0.9319 0.7223 1
1.1286 0.4771 1
1.8943 0.3211 1
-0.5225 -0.4779 1
-0.4560 1.0449 1
-0.4523 -2.0779 1
-1.2641 -2.9254 1
0.8363 0.6737 1
2.4257 -0.2206 1
0.4342 -0.4879 1
0.3845 -0.1446 1
-1.1564 -1.8371 1
0.4081 0.5636 1
0.9381 1.1081 1
-1.0192 -0.5232 1
-1.3122 0.3908 1
-0.2327 1.0386 1
-1.2883 -0.8830 1
-0.7308 0.1427 1
-0.3348 -0.9915 1
-0.7706 0.9697 1
-2.1048 -0.0194 1
-1.1891 1.4889 1
-1.7663 -0.9944 1
-1.2893 0.8711 1
0.2312 -0.6613 1
-0.5693 -1.6744 1
-0.0905 0.3928 1
-1.0696 -0.4593 1
-1.2117 0.1265 1
-1.1888 -0.2639 1
-0.4726 0.1439 1
1.1966 0.6803 1
0.3404 2.5953 1
0.1971 1.6487 1
0.8142 0.2573 1
0.0961 0.5224 1
-1.4841 0.8120 1
-0.9576 0.7112 1
1.0488 0.5995 1
-0.0602 1.7835 1
0.9617 1.1083 1
0.3298 -0.7175 1
0.9617 0.9538 1
2.0624 0.8802 1
-0.3538 -0.3192 1
0.0014 -1.5040 1
-2.5749 -1.5811 1
1.0224 0.8591 1
-0.8531 -0.6949 1
-0.4071 -0.5944 1
1.2654 -1.3345 1
1.3670 1.1118 1
-1.3471 1.0406 1
-0.6268 0.2528 1
0.0408 0.6968 1
-0.8586 -0.5896 1
0.4047 0.5333 1
0.3140 -0.6834 1
-0.5527 -0.3336 1
-0.3253 0.6530 1
0.7708 0.7176 1
-0.0405 -1.5580 1
0.2079 -0.7973 1
-2.0523 -1.1002 1
0.2135 0.7618 1
-1.0311 1.3931 1
0.5843 -0.3955 1
-0.3884 -0.9773 1
-1.7045 -0.0513 1
0.1405 1.0018 1
0.3165 -0.3242 1
1.4619 -0.8065 1
0.2366 -0.6384 1
-0.1546 1.1240 1
0.9397 0.7520 1
-0.6061 -1.7470 1
-0.5780 0.1901 1
0.7763 1.0800 1
-2.2337 -1.9780 1
-0.6343 0.5175 1
-0.0115 0.9516 1
-0.8326 -0.0305 1
0.0687 0.3307 1
-0.2593 0.3453 1
1.4856 -0.2540 1
0.0855 0.8200 1
1.2766 1.5100 1
2.9342 -0.5581 1
1.7415 -0.4001 1
-0.2396 -0.8991 1
0.6720 -0.9620 1
-1.2946 0.2312 1
-1.2342 0.4980 1
-0.4117 0.3970 1
0.5703 -0.1891 1
0.0861 -0.2019 1
0.4780 1.6374 1
-0.5340 0.3113 1
-0.0499 -1.0825 1
0.2745 1.8463 1
0.5228 -0.4796 1
0.4738 1.6103 1
0.9129 1.3018 1
0.6621 0.3708 1
-0.9556 -0.2565 1
-0.1476 -0.0938 1
0.3517 -1.0779 1
-1.4051 -1.8461 1
-1.4986 -0.2617 1
1.5112 0.6959 1
-1.3649 0.8690 1
-0.6110 -0.4768 1
0.6146 -0.4101 1
0.9436 1.2035 1
0.9995 0.4489 1
0.2589 -0.8256 1
-1.8864 1.0590 1
2.1724 1.5886 1
-0.2831 -0.6031 1
0.2266 0.9731 1
-0.7528 0.8497 1
0.9371 0.9514 1
-0.6353 1.7663 1
-0.6757 -1.2389 1
0.3860 -0.0151 1
1.7744 2.0824 1
0.3806 0.1667 1
1.6080 1.2732 1
0.6754 0.1237 1
-1.4763 -0.6073 1
-0.2954 -0.5570 1
-0.5749 0.9452 1
-0.6139 0.0232 1
1.1733 0.2595 1
-1.3106 0.4551 1
0.7678 0.3200 1
-0.0467 -1.4498 1
0.2736 1.2116 1
-0.9652 0.9971 1
1.0666 1.1124 1
1.3658 1.4395 1
-0.2565 0.4023 1
1.9584 0.5199 1
0.2990 0.1300 1
0.0364 1.5212 1
1.7683 1.3053 1
1.3079 1.0137 1
0.9087 -1.7924 1
0.7412 0.5119 1
-0.1737 0.2714 1
-0.5614 -0.3653 1
-0.6995 0.7217 1
0.3288 1.6910 1
-0.6456 -1.1385 1
0.7661 0.1335 1
-0.9413 0.7552 1
-0.0313 0.0531 1
0.4569 -0.3617 1
-0.2145 -0.3234 1
-0.8208 0.8492 1
-0.8040 0.0139 1
0.9483 1.9273 1
-2.0764 -0.2004 1
-0.3506 0.0454 1
1.4261 0.2616 1
0.5279 -0.9198 1
0.0409 0.4916 1
0.4456 1.2126 1
0.3407 0.0183 1
1.2097 -1.0191 1
0.0858 0.2259 1
0.5410 0.6199 1
0.1989 0.6884 1
0.2642 -1.0134 1
0.3257 -0.5218 1
0.3125 1.7636 1
-0.1805 0.2372 1
0.5324 -0.5732 1
1.5334 0.7593 1
1.2629 1.3631 1
-0.1130 -0.2942 1
0.8741 -0.1379 1
0.0322 0.8834 1
0.6999 -0.6809 1
-0.7930 0.3491 1
0.8911 1.7294 1
1.0323 0.7462 1
-1.5193 -0.5589 1
1.3405 1.4735 1
-1.6206 -0.6309 1
-0.6311 -0.5635 1
0.1118 1.2107 1
-0.8717 -1.1501 1
0.3053 -1.0586 1
0.3074 -0.3583 1
