# X1 X2 y
1.7934 4.5371 0
2.3542 3.6139 0
0.3265 6.7899 0
1.2627 6.5179 0
0.7387 9.9245 0
2.6618 3.0844 0
2.2441 5.9483 0
1.6945 5.8028 0
2.5625 3.8533 0
2.5418 5.6962 0
1.6657 3.9495 0
1.9788 5.6707 0
1.4757 6.8128 0
2.6003 4.5064 0
2.5544 2.4908 0
3.3476 2.3189 0
2.5566 6.1459 0
3.7097 3.0603 0
1.5340 6.3263 0
1.9824 3.3274 0
2.5719 5.4314 0
3.7682 -0.6357 0
1.1698 4.0517 0
1.2245 4.9903 0
3.0064 -0.0548 0
2.1718 4.1434 0
2.3375 3.0369 0
0.6411 7.4680 0
3.1989 3.8804 0
2.5834 2.9671 0
2.8048 4.9915 0
0.4018 5.7445 0
3.0279 1.6705 0
2.7481 3.2272 0
3.9093 1.2277 0
2.1002 3.1298 0
0.6734 4.8488 0
2.5702 4.7954 0
2.3619 3.4573 0
0.4214 7.3484 0
1.5040 4.6458 0
0.8374 9.2823 0
2.6093 3.2650 0
2.7305 6.3949 0
1.7452 4.9976 0
4.2585 1.6706 0
1.4695 6.7177 0
2.7917 2.5479 0
1.7354 5.8864 0
2.1621 4.5802 0
-0.1893 8.1374 0
2.7425 4.0547 0
1.7142 3.8898 0
3.8220 1.6253 0
2.7650 3.9841 0
1.9784 4.7807 0
1.4749 7.6747 0
0.5823 6.8048 0
1.4058 9.9781 0
2.1833 3.6320 0
2.2550 4.9519 0
0.1355 8.8553 0
1.3152 6.5450 0
1.4915 6.1031 0
2.9674 4.2089 0
3.5223 3.0763 0
1.3335 7.5155 0
2.3586 1.8079 0
1.5000 5.6390 0
2.8780 1.8985 0
-0.1669 10.3189 0
2.6800 4.4432 0
2.1152 2.6360 0
2.5884 1.7395 0
0.8755 8.5669 0
1.4124 6.3562 0
3.1629 4.4837 0
3.3444 3.7103 0
3.2216 -0.1709 0
1.8962 6.3344 0
1.4506 6.1903 0
3.0579 1.2393 0
1.1453 7.6630 0
2.3165 5.1539 0
-0.5210 9.2483 0
3.0930 1.8661 0
2.8737 6.2061 0
1.5763 6.6757 0
2.4611 3.5411 0
3.6056 2.4934 0
0.6625 7.4363 0
1.5755 6.7353 0
1.1521 5.7755 0
1.2833 5.3742 0
-0.0982 11.6990 0
2.1203 3.3764 0
2.4236 3.0748 0
2.4504 3.3437 0
2.5849 1.5293 0
2.6205 4.2229 0
1.8148 5.7100 0
2.1286 3.2295 0
2.0270 3.7372 0
2.6385 3.0799 0
4.0343 2.5050 0
2.3997 5.8314 0
3.0714 1.3966 0
0.9018 6.2842 0
0.6038 6.3944 0
1.2170 7.8424 0
3.3435 1.7384 0
0.9794 7.8040 0
1.8519 6.1354 0
2.1833 6.8449 0
2.6035 4.9987 0
2.4477 2.8622 0
3.0647 2.7840 0
1.4028 5.8174 0
2.4596 2.0749 0
2.0539 4.9201 0
2.6172 3.5936 0
2.7396 6.6759 0
3.4593 -1.7745 0
2.0631 5.5224 0
3.4466 3.1769 0
-0.5715 9.5573 0
3.0622 3.7178 0
0.7155 8.4790 0
2.4592 5.7652 0
0.7692 7.6569 0
2.2351 3.0449 0
4.2669 -2.6334 0
1.8157 3.6828 0
3.3485 4.2861 0
1.4699 4.3851 0
1.2651 7.9500 0
3.2130 4.0582 0
2.9328 2.4246 0
2.1781 4.4329 0
3.2802 2.5907 0
1.6088 6.6690 0
2.5686 4.6441 0
3.6934 0.8839 0
1.3624 5.6707 0
1.1901 8.9840 0
1.2183 6.0389 0
2.3428 2.9500 0
1.4641 5.5228 0
4.6900 -1.6723 0
2.2828 3.9155 0
0.5340 6.2922 0
1.6568 6.7119 0
2.4855 6.0879 0
2.1057 6.9065 0
0.7207 7.1574 0
1.6065 6.7411 0
2.9510 2.1827 0
0.9162 7.7319 0
2.3788 3.3930 0
1.8975 6.0941 0
2.4787 2.4719 0
2.3968 6.5901 0
1.7602 6.3174 0
0.0181 6.2109 0
3.1654 2.9487 0
2.4238 0.3065 0
1.6220 5.3226 0
2.6249 4.4647 0
0.8380 5.2095 0
2.5330 4.6925 0
0.5512 7.7495 0
1.5396 6.3842 0
2.9905 3.4008 0
2.3095 5.0761 0
1.7182 1.8091 0
1.8083 5.3927 0
1.4794 6.0227 0
1.2185 4.9126 0
1.1365 7.4323 0
3.5840 1.6478 0
1.3065 9.7449 0
3.8271 1.9017 0
1.7544 7.3993 0
2.4061 3.9835 0
2.8669 0.7132 0
0.3946 5.4970 0
1.4371 6.4946 0
1.4513 4.2507 0
1.9811 6.4091 0
2.7272 3.9326 0
2.1239 5.4978 0
2.0677 4.2590 0
2.3712 3.1431 0
1.6950 7.2079 0
-0.6206 8.2748 0
3.0903 1.7427 0
2.9660 4.7489 0
3.0064 3.8858 0
0.8316 9.7127 0
3.2598 4.3654 0
3.9738 6.3730 1
3.7351 5.7827 1
3.2293 7.5801 1
-1.5869 4.5124 1
-0.7791 2.5709 1
0.8041 4.5458 1
3.8838 6.0824 1
-0.3872 2.4107 1
1.2658 3.6094 1
1.8584 4.4527 1
0.9701 3.3598 1
-0.2445 1.3334 1
2.6503 5.7732 1
5.7247 7.4984 1
3.9993 2.6004 1
-0.8477 3.0648 1
2.9899 5.6106 1
4.0690 7.8930 1
0.9993 6.2150 1
1.3011 6.4516 1
0.0404 3.3924 1
2.9702 4.8746 1
4.1399 6.2862 1
1.4479 5.6297 1
4.9229 8.7787 1
2.0281 3.5204 1
0.7796 3.0680 1
0.6276 4.2303 1
0.0326 3.5852 1
-0.7632 -0.4753 1
-0.1938 5.4679 1
4.8795 7.1285 1
2.7535 6.1963 1
4.4523 7.6980 1
-0.2133 3.3032 1
1.5864 4.7760 1
3.8371 8.2785 1
0.7878 5.2961 1
1.8638 5.3249 1
0.1637 4.7991 1
-1.4454 1.1347 1
-0.0313 3.5647 1
1.5519 7.8876 1
0.9544 2.2457 1
5.1856 6.4882 1
0.0845 2.9530 1
0.0006 2.3135 1
1.5746 1.8140 1
0.2564 3.5017 1
1.7188 3.8739 1
1.1974 2.4553 1
3.9868 7.8185 1
1.3113 5.1734 1
5.9069 8.5308 1
2.7857 4.5367 1
3.7513 3.9086 1
0.7534 6.0503 1
2.6339 5.5401 1
0.6651 4.9876 1
2.5709 6.0186 1
0.7750 4.7089 1
5.4788 5.6762 1
4.4198 7.8771 1
-0.4276 4.5490 1
4.0232 7.3585 1
1.0799 3.1203 1
2.1847 2.2262 1
3.0606 6.2421 1
4.4526 5.4394 1
1.5518 5.1784 1
1.7799 3.7519 1
-1.1208 3.6662 1
0.5187 3.9301 1
2.6541 4.8247 1
2.6759 5.0182 1
2.5452 6.5131 1
3.6302 6.0322 1
-0.2058 3.0614 1
6.3865 10.2905 1
0.8206 2.7195 1
-0.5321 4.7702 1
-0.0987 3.7389 1
2.6967 6.5386 1
2.1892 5.2217 1
0.6543 3.7517 1
-1.2174 0.9037 1
-1.2886 1.8422 1
0.0625 4.7085 1
3.6829 6.2052 1
2.1016 4.1742 1
2.9462 3.0141 1
1.0607 5.1175 1
-0.4403 1.7479 1
4.9296 8.4534 1
3.0290 5.8144 1
0.1783 2.8246 1
-0.4737 1.5007 1
3.2654 5.5232 1
2.8344 4.5387 1
6.0327 9.0839 1
-1.2251 3.0110 1
2.3566 5.6972 1
1.4619 5.6475 1
-1.5215 1.9436 1
4.0009 5.8857 1
1.3967 5.6120 1
0.5719 5.3249 1
1.6639 4.1067 1
4.0994 5.9196 1
2.0246 3.9308 1
-0.3404 1.1874 1
1.4082 3.5887 1
3.5505 6.8840 1
-0.0039 4.0566 1
-1.0067 -1.5179 1
-0.2831 4.4585 1
0.4318 2.2091 1
0.1686 3.1968 1
2.3084 3.2236 1
-1.2095 1.3745 1
1.2012 4.8827 1
2.8599 3.6560 1
5.7280 7.2436 1
2.8175 6.5200 1
0.5039 2.4337 1
1.6185 4.7255 1
2.4284 3.9354 1
1.6626 5.0995 1
1.9985 6.7885 1
3.6989 6.3885 1
2.3718 5.7178 1
5.1598 5.5396 1
-0.9522 3.0608 1
5.6848 7.1260 1
-0.1348 2.5832 1
6.8332 10.6300 1
2.9604 5.1159 1
4.9098 6.4605 1
0.5802 5.8003 1
4.4032 9.0735 1
-1.6242 2.7737 1
-1.1121 3.8397 1
6.4169 8.8340 1
-1.0729 3.0779 1
-4.6514 -1.6793 1
0.0164 3.2804 1
0.9722 5.2551 1
5.2116 8.4097 1
3.1768 7.1385 1
0.8494 6.6484 1
-0.7665 1.5653 1
1.0118 5.8850 1
5.7756 7.0030 1
-0.2359 0.9878 1
5.4759 8.6377 1
0.8359 5.6789 1
-2.8240 -0.6633 1
-0.9951 3.1474 1
4.3825 6.5493 1
2.8669 4.9533 1
-2.5251 1.3713 1
3.9858 7.7692 1
0.7931 3.0259 1
-0.0861 4.1500 1
2.5784 4.9613 1
2.8854 2.6041 1
2.1045 5.4951 1
1.4168 3.4903 1
4.1087 7.8247 1
2.7303 4.2182 1
2.5062 5.4198 1
-0.1936 2.1661 1
4.5548 8.7391 1
0.3755 2.8595 1
2.0834 3.7815 1
0.9903 3.2684 1
3.5535 6.7162 1
1.9523 5.9112 1
0.0689 3.7973 1
0.7612 4.3615 1
-0.3232 5.5044 1
1.2332 4.4794 1
2.5237 5.2629 1
1.2663 3.6059 1
-0.8735 5.3477 1
0.3757 4.2459 1
5.1874 6.1305 1
2.4344 2.5997 1
-1.3719 0.0304 1
0.6562 3.2579 1
1.5085 3.1067 1
2.9542 6.1275 1
0.1841 2.6103 1
-2.7491 -0.0263 1
2.1475 6.3793 1
3.0117 7.3918 1
1.2011 2.9464 1
3.8303 6.0776 1
1.4188 3.1636 1
2.9117 3.7070 1
