# X1 X2 y
-1.1398 0.7216 0
-1.4573 1.2562 0
-0.9234 -0.2700 0
-0.2876 -0.6684 0
-0.3396 1.6957 0
0.0083 1.6615 0
-0.6145 -0.3656 0
0.0983 0.3311 0
1.0981 0.2605 0
-0.4150 -1.6352 0
-0.1053 0.4150 0
-0.9891 0.0882 0
0.5814 -1.4979 0
0.2977 -1.6736 0
-1.3054 0.5368 0
-1.5673 0.6425 0
-0.6973 -0.0332 0
-0.6159 -0.2215 0
-1.9052 2.0700 0
-0.2375 0.4617 0
-0.3293 0.0951 0
1.9431 -0.2249 0
1.3137 -0.1596 0
1.1980 -1.5175 0
1.8321 -1.2336 0
0.5193 1.6212 0
0.4371 0.7915 0
0.6766 0.8191 0
0.0259 -1.6945 0
-2.8169 -0.0607 0
0.6084 1.1754 0
-1.1826 0.6848 0
0.7295 1.4141 0
0.6598 -2.2120 0
-0.0845 0.6164 0
-0.2703 2.3023 0
-0.6861 1.2397 0
1.5314 0.5559 0
-0.2213 -0.4293 0
0.6133 -0.1471 0
-0.3318 -0.0941 0
0.1846 0.0322 0
-0.7487 -0.9759 0
1.1334 0.2657 0
-0.7000 -1.4544 0
-0.4135 -1.7952 0
1.0276 -0.7745 0
-0.2578 -0.4694 0
-0.9839 0.6451 0
-1.0850 -1.2941 0
0.1393 1.1846 0
-0.2539 1.3480 0
0.2248 -0.3595 0
0.3538 0.4528 0
-1.4581 -1.3773 0
0.5400 0.1118 0
0.4826 0.6313 0
-1.5386 -0.4834 0
-0.0535 0.7738 0
0.4202 -0.3845 0
-0.2332 1.2327 0
-1.3905 -0.8323 0
-0.1206 -0.2744 0
-0.8816 -1.6725 0
0.1114 -0.5099 0
-1.0499 -0.5679 0
-0.5946 -0.3832 0
0.3339 1.1611 0
-0.5564 -0.2165 0
-0.9075 -0.2466 0
1.6025 -1.9443 0
-1.3012 -0.5118 0
-0.0475 0.5819 0
-1.0602 -1.0623 0
-0.3105 0.5811 0
1.9770 -0.1901 0
-1.5165 0.9326 0
0.2533 -0.6624 0
-1.3945 0.0888 0
-0.3523 0.6758 0
-0.3051 1.5868 0
-0.5222 -0.4486 0
-1.1213 0.4432 0
-0.9195 1.2277 0
-0.3199 0.8418 0
0.2349 1.2149 0
-0.8349 -1.3678 0
0.7882 0.2012 0
-1.6278 -0.3234 0
0.9671 0.2442 0
-0.3544 0.6187 0
1.3008 0.0214 0
-0.4304 0.1152 0
-0.9712 -0.2170 0
-1.4818 -1.6718 0
-0.8434 -0.6486 0
-0.9404 -0.2980 0
0.8774 -0.2643 0
0.6030 -0.5415 0
1.5377 -1.1176 0
0.3343 1.0292 0
0.4487 0.2451 0
-1.5915 0.0120 0
-0.2592 -1.6941 0
0.2058 0.8143 0
0.0078 0.4682 0
1.5885 -1.1295 0
-1.3902 0.0316 0
0.7840 0.4984 0
-0.1704 -0.0761 0
-0.2983 0.9946 0
1.2197 -2.9644 0
0.4856 0.3069 0
-0.3906 0.9148 0
-0.4002 -0.5471 0
1.4598 -0.8971 0
0.3303 -0.0945 0
-0.0350 1.5125 0
0.9341 1.4961 0
-0.2389 0.6084 0
-1.1209 0.5801 0
1.0692 -1.4164 0
1.2987 -2.1770 0
1.7838 0.9832 0
0.2865 -0.0056 0
1.2409 -1.0296 0
0.7498 -0.8773 0
-0.7066 0.7129 0
-1.9989 -0.8616 0
0.8074 -0.6897 0
-1.1959 -2.6644 0
-1.2469 1.8333 0
-0.8472 1.9549 0
0.4374 -0.3259 0
-0.1954 -1.6173 0
0.7462 -0.6855 0
-3.0667 -0.7983 0
-0.1690 -0.3599 0
-2.7183 0.7877 0
-0.5241 1.5216 0
2.2036 1.5848 0
-0.7804 0.7371 0
-1.4551 -1.4756 0
-1.0248 -1.7209 0
-1.6606 -0.3698 0
-2.7416 0.0077 0
0.0191 -0.0828 0
-1.2382 -1.2367 0
0.8791 0.3142 0
-0.3630 -0.7245 0
-1.7699 1.7941 0
0.0800 0.0515 0
1.0154 -0.1685 0
1.3674 -0.9228 0
0.0006 0.0902 0
1.3899 0.3661 0
-1.6009 0.3897 0
-1.0332 -1.9999 0
1.0789 -0.7634 0
-0.5841 -0.5581 0
-0.5709 0.6634 0
-1.1498 0.9719 0
-0.1946 -0.8910 0
-0.5237 -0.6821 0
-0.2481 -0.7580 0
-0.6882 0.0714 0
-0.3370 0.6311 0
0.3592 -0.2026 0
-0.8680 0.1612 0
0.6748 -0.0345 0
-0.1573 -0.8828 0
-0.0135 -1.1798 0
-0.2717 0.1455 0
-0.4743 2.7817 0
0.1725 0.2650 0
-0.6299 0.2497 0
1.6186 1.4352 0
1.9651 -2.0835 0
0.6552 0.5944 0
-0.6872 -0.0405 0
0.6849 -0.3228 0
-0.0865 -0.9725 0
-1.2909 1.1594 0
-1.5095 -0.4437 0
0.2626 0.7357 0
-0.5618 0.9752 0
0.6189 1.1791 0
0.2977 1.8582 0
-0.2198 1.9511 0
0.8381 -0.5783 0
0.7391 -1.1460 0
0.2813 0.3270 0
2.4539 -1.3006 0
-0.1357 1.3401 0
2.9011 -0.4702 0
-0.9176 0.8492 0
0.3466 1.5684 0
-0.4047 0.6507 0
-1.6478 0.1934 0
-0.6478 0.8517 0
-1.0460 -0.3956 0
0.8475 0.9450 0
1.1800 -1.0957 0
-0.9811 0.7193 0
-0.0235 -1.4233 0
-0.3522 -0.6792 0
-0.0736 -0.7749 0
-0.9014 -0.1923 0
-0.6094 0.1898 0
-0.1055 1.6442 0
1.5893 1.3168 0
-0.4998 -1.6783 0
0.7190 -0.7746 0
-0.0172 1.7955 0
-0.4736 1.5848 0
0.4619 0.4437 0
0.5806 -0.8380 0
-0.9738 -0.1029 0
-0.7722 0.6984 0
-2.4508 1.5505 0
2.1325 0.7590 0
0.2808 0.4667 0
-1.4337 1.7236 0
0.7781 2.7193 0
1.4146 0.5363 0
-0.0520 0.2566 0
-1.3259 0.2166 0
0.6538 0.1277 0
2.4428 -0.4544 0
-0.2590 0.6233 0
-0.3160 -0.5399 0
0.8036 -0.3157 0
0.2943 -0.1983 0
0.4892 0.5636 0
-0.2883 0.6597 0
1.9823 -1.1640 0
-0.5742 0.9451 0
-0.9292 -0.0481 0
-0.0305 0.7278 0
1.3804 -0.0553 0
1.5267 0.1571 0
0.1983 0.1229 0
0.0745 -1.8888 0
0.6667 0.2634 0
-0.1010 -0.0085 0
-0.4354 1.3932 0
-0.0013 -0.7147 0
-0.3698 1.2609 0
0.8592 0.0325 0
-0.6585 1.2270 0
0.6593 -0.0530 0
0.2274 -0.5268 0
-0.6938 0.1763 0
0.9484 0.0420 0
-1.0405 -0.7118 0
-2.0405 -0.9108 0
1.0858 -1.2805 0
-0.4599 1.0934 0
-0.8840 1.1534 0
0.5083 0.4243 0
0.0305 -0.4897 0
-0.3844 0.0731 0
0.8044 -0.4077 0
-0.3617 1.5861 0
1.0931 0.3016 0
-1.5019 -0.3347 0
-1.2210 0.2181 0
-0.2686 0.8328 0
0.0063 -2.8217 0
1.0113 0.1108 0
-1.4957 0.2544 0
-1.2740 -0.8141 0
1.2894 -0.7906 0
-1.1163 -0.4717 0
-0.5254 -0.4729 0
0.3279 -0.3813 0
-1.1238 0.6786 0
-0.8783 -0.5502 0
1.7561 1.2091 0
-0.7976 -0.3228 0
-0.5429 1.4197 0
-0.4823 0.8746 0
-0.1536 -0.6940 0
-0.0055 -0.4997 0
0.1100 -1.1668 0
0.7313 1.2838 0
1.0561 -1.3883 0
-1.8159 -1.4095 0
0.0636 -1.4312 0
0.5088 -0.2727 0
-0.3146 0.3488 0
0.5970 0.2303 0
0.9196 0.0759 0
0.7614 -0.9248 0
2.0984 -0.5030 0
0.0003 -0.0061 0
-0.1091 -0.6182 0
-0.1620 1.3956 0
-1.3198 -0.7625 0
-0.5654 -0.4415 0
-1.7952 0.0151 1
-1.8516 0.2547 1
0.0061 0.8173 1
0.8693 1.9010 1
-0.6223 -1.2928 1
-1.6363 2.3692 1
-0.6849 -0.1227 1
-0.3826 0.6687 1
0.6945 1.0080 1
1.8732 0.9773 1
0.9246 0.7114 1
-0.5443 1.0766 1
2.0543 -0.3022 1
1.0515 -0.0229 1
1.2273 0.5038 1
-0.8471 -0.1825 1
0.5973 3.0902 1
0.7956 1.8639 1
-0.6129 1.3453 1
-1.2212 -0.2404 1
0.9832 2.1290 1
-0.0823 -0.2890 1
-0.9256 -0.3076 1
0.8758 2.9040 1
1.1740 -0.7658 1
-1.1147 2.7787 1
0.9620 -0.1362 1
0.8116 1.3784 1
0.2014 0.9289 1
1.2208 -0.6064 1
1.1850 0.9195 1
0.5916 -0.7734 1
2.1221 0.8247 1
1.0924 1.0899 1
0.3909 1.5658 1
1.4236 -0.3580 1
0.5214 -0.4589 1
-1.2734 -0.1371 1
0.4414 -0.6634 1
-0.0243 1.4519 1
-1.4351 -0.5354 1
-0.2089 2.1035 1
1.0105 0.4636 1
0.5941 -0.7948 1
-0.4239 1.7685 1
1.2946 -0.0541 1
2.0567 1.3747 1
-1.0144 -0.0558 1
2.9185 0.3682 1
1.2521 0.6212 1
1.4290 -0.2111 1
-0.4063 1.4876 1
1.2350 1.7146 1
3.4478 1.2653 1
0.5605 0.2728 1
-0.2555 0.0735 1
-0.3300 1.7691 1
1.2864 0.3331 1
0.8649 0.6185 1
2.2320 -1.1837 1
1.1787 1.2628 1
0.5603 -1.4078 1
0.6738 -0.2388 1
0.0065 -1.0004 1
-1.1016 1.6585 1
1.3316 1.7582 1
0.8626 1.3209 1
-0.3244 0.5966 1
0.7015 0.5081 1
-1.9923 1.0146 1
-0.1162 1.2598 1
0.0812 0.5111 1
-0.2365 -0.8762 1
0.2975 2.9768 1
-0.1106 2.1377 1
0.7225 0.3825 1
0.3682 1.1012 1
-1.4645 -0.1883 1
-0.7896 0.0623 1
0.6460 1.2874 1
-0.3527 -0.8227 1
1.6695 0.7026 1
-0.0377 1.7987 1
-0.7463 1.9306 1
0.2244 3.6555 1
1.7206 0.2480 1
0.6448 -0.3268 1
-1.6256 2.6961 1
0.4755 1.7190 1
-0.2257 -0.8343 1
0.3415 -2.0735 1
0.8337 0.5718 1
-0.6187 0.0642 1
0.3948 -0.0598 1
-0.7559 -0.8756 1
0.7799 1.0497 1
0.2759 -0.5677 1
0.7563 -0.5546 1
-0.8715 3.3429 1
0.5102 0.5285 1
