# X1 X2 y
-1.5033 0.4418 0
-0.4209 -1.0949 0
1.5341 -0.8114 0
0.0991 0.9469 0
-0.1165 -1.1638 0
0.0151 0.1419 0
0.2415 -0.2382 0
-0.4532 -0.4628 0
0.6115 -0.3835 0
0.6196 0.2522 0
-0.4006 0.0812 0
0.1338 -1.5655 0
-1.2332 -0.6036 0
-0.1050 0.9893 0
-0.4275 1.3122 0
-0.0489 -1.2315 0
1.6441 0.9609 0
-0.6499 -0.0026 0
1.2507 1.9671 0
-0.8925 -0.8903 0
-0.9394 -0.1033 0
1.1143 0.1167 0
0.3122 -1.4497 0
1.9051 0.8620 0
-0.8770 0.0564 0
2.3775 -0.3713 0
0.0159 -3.8777 0
-0.6976 0.8898 0
-1.0922 -0.7788 0
0.6194 -0.5571 0
-1.3632 0.2353 0
1.4122 0.3687 0
-0.2286 1.5689 0
0.1250 0.4236 0
-0.6346 1.4908 0
-0.4694 -0.0374 0
-0.0378 0.4818 0
1.3608 0.8765 0
1.4622 1.4418 0
-0.2471 1.6261 0
1.2774 2.1598 0
-1.1099 0.2691 0
1.1346 -0.2763 0
-0.4126 1.7369 0
-0.5678 -0.9831 0
0.4565 -0.1595 0
-1.5161 0.1745 0
1.0884 1.9336 0
-0.1811 2.4330 0
-0.9527 1.2829 0
-0.6668 0.0051 0
-0.0030 -0.8683 0
0.0629 -0.5231 0
-0.6969 -1.4122 0
-1.0642 0.9784 0
-0.4620 -0.4316 0
-1.9912 0.6124 0
-0.4445 0.3489 0
2.1610 1.1427 0
-0.2224 -0.7623 0
-1.1403 -0.8685 0
-1.2616 1.2005 0
-0.8432 -1.0217 0
-0.9784 -0.3993 0
0.0159 -1.5017 0
-0.2317 -1.1335 0
-0.1458 0.2437 0
-1.0742 -2.1094 0
-2.0970 -0.1864 0
-0.1777 0.1943 0
-0.5354 1.4015 0
0.7011 0.7687 0
-0.8826 0.9006 0
0.0397 -0.9724 0
0.5017 -1.1096 0
0.4178 0.7203 0
-0.8666 1.1565 0
-0.8875 0.7395 0
-1.2910 2.0390 0
0.8465 -0.0249 0
0.7625 -1.6690 0
-1.2284 -0.1425 0
-2.2469 -2.3038 0
0.8012 -0.3613 0
-0.1717 -0.3643 0
-0.1883 -0.6504 0
0.4282 0.3477 0
1.1544 0.5773 0
1.2018 0.1883 0
0.0907 -0.3486 0
0.2594 0.7186 0
-1.9280 -0.0629 0
0.0219 -1.5474 0
0.0138 0.1682 0
-0.3994 -0.5332 0
-0.4733 -0.0786 0
-1.1305 1.1271 0
-1.0747 0.5549 0
-0.7856 -0.7472 0
0.0954 0.9665 0
-0.1577 0.4502 0
0.5975 0.1884 0
0.4139 -0.9634 0
0.1289 -2.0261 0
-0.2012 -0.3513 0
-0.1385 0.1157 0
0.8051 2.6211 0
0.2276 1.3315 0
-1.9035 -0.8453 0
0.6530 1.7847 0
-1.0275 0.3822 0
-0.5332 -1.1962 0
0.7745 1.1596 0
0.2854 -2.1250 0
-2.3342 0.0606 0
0.7132 1.4529 0
0.7877 -2.0959 0
2.0667 1.2058 0
-1.6487 0.1569 0
-0.4204 0.6891 0
-0.0994 0.9501 0
-0.5760 -0.4420 0
1.7153 -0.8402 0
0.0020 0.2304 0
-1.7330 -0.6186 0
0.2810 -1.0147 0
-0.5721 0.3526 0
-1.1907 -1.1749 0
-0.9094 -1.2991 0
-0.9414 -1.9831 0
-1.0692 1.3412 0
0.3854 3.0909 0
-1.5890 -1.6555 0
0.6712 -0.3123 0
0.4895 -0.4011 0
0.5234 1.1572 0
-0.5565 2.1959 0
-0.1472 0.9297 0
0.3858 0.1631 0
-0.5957 -1.1874 0
-0.7354 -2.6453 0
-1.7117 1.4522 0
-1.1891 -0.5539 0
1.3781 0.7982 0
0.2668 0.3317 0
0.8809 -0.8632 0
0.6152 -2.0073 0
-0.0408 -0.3552 0
0.2903 0.2115 0
-0.7662 -0.7066 0
1.2287 -0.2219 0
0.0870 -1.4459 0
0.2472 -0.6870 0
1.6151 -0.2771 0
0.3163 -0.2611 0
-0.8633 0.0590 0
0.9120 0.3337 0
1.1318 0.2523 0
-0.9276 0.2130 0
0.8623 -0.5150 0
0.0216 0.3692 0
-0.3918 1.9915 0
-1.5702 -0.0948 0
-1.1444 -0.4321 0
-0.6480 0.6329 0
-0.9484 -0.2707 0
-0.3251 -1.8610 0
-1.1262 -1.6329 0
0.2095 1.1253 0
0.5184 0.0085 0
-1.6037 -0.1324 0
1.3306 -2.2703 0
-1.5439 -0.7031 0
1.2163 -1.8852 0
-0.5603 -1.1867 0
-0.3662 -0.3039 0
0.3924 0.5171 0
-0.3482 -0.2369 0
-1.4437 -0.6140 0
-1.3189 -0.4739 0
-0.1512 -0.2426 0
-0.2682 -0.0706 0
-0.1485 1.9768 0
-0.2225 0.2102 0
1.6172 0.5677 0
-0.2532 0.5769 0
0.8105 -0.3240 0
0.6999 -0.6469 0
0.2453 2.0471 0
-1.2613 -0.2971 0
0.7855 -1.1307 0
-1.2129 -2.3450 0
-0.8730 1.0358 0
-0.3241 -0.3249 0
1.1237 -0.2715 0
1.2264 -0.3702 0
0.1553 -0.2226 0
1.2006 -1.8150 0
-0.1742 0.9705 0
0.0210 1.1663 0
3.0989 2.2803 1
3.5417 2.2298 1
4.1608 1.7642 1
1.9349 1.4382 1
1.9190 1.7623 1
3.0428 1.7739 1
3.2617 1.9814 1
2.1014 2.3420 1
2.6844 0.1681 1
3.2160 2.1308 1
4.4359 2.9966 1
1.8563 2.7749 1
3.4468 1.4417 1
2.0782 3.5652 1
3.8413 0.3645 1
2.0343 -0.1488 1
5.3257 2.3232 1
3.8057 3.1107 1
4.9993 2.0833 1
2.9428 0.2085 1
2.8749 2.8700 1
2.2819 3.1152 1
2.4257 1.9446 1
2.7400 2.4691 1
3.6948 2.4479 1
2.7567 2.5370 1
4.1915 1.0854 1
4.2726 1.1320 1
2.3836 1.9306 1
2.9226 2.2524 1
1.7476 3.4021 1
4.3310 1.4655 1
3.1996 2.8473 1
2.2363 3.1336 1
3.2864 0.8995 1
4.3704 2.1815 1
2.9933 1.3566 1
3.4180 0.3231 1
5.4940 3.3121 1
3.3822 1.0006 1
3.3633 1.7579 1
2.5535 0.8324 1
2.8901 3.2278 1
2.5575 0.4509 1
3.5645 2.9184 1
0.7514 1.9641 1
4.8682 1.4660 1
2.7147 1.6351 1
3.4866 3.3434 1
3.0493 0.2247 1
3.5033 3.7852 1
3.7027 1.3884 1
2.8645 4.9159 1
3.3882 -0.6864 1
2.5231 2.5033 1
1.0921 2.4859 1
1.8709 2.4926 1
1.3023 1.7413 1
1.8544 3.4568 1
2.2459 2.8785 1
3.5222 2.4547 1
2.2346 0.7539 1
2.8174 2.0948 1
2.8098 3.0830 1
3.2436 2.1629 1
3.4429 0.5520 1
1.4499 2.6733 1
1.7174 2.2441 1
2.5844 1.7741 1
2.5480 1.0768 1
2.9007 0.4952 1
4.4579 2.6562 1
1.5519 3.2340 1
3.1891 -0.6581 1
3.1809 0.8123 1
4.3460 2.7439 1
3.4165 4.1333 1
2.7316 1.9466 1
2.7279 1.1437 1
2.0677 1.4375 1
4.5453 1.7899 1
2.1885 2.4874 1
2.2593 1.3185 1
3.0897 1.7577 1
4.4880 3.6038 1
3.5223 2.9313 1
0.5079 2.2404 1
3.5882 2.3893 1
2.6354 2.0586 1
3.2438 2.7794 1
3.8661 0.9022 1
2.5006 -0.7345 1
2.8109 2.5818 1
2.4643 1.4753 1
3.0383 2.5255 1
2.8750 2.1312 1
2.7621 2.0622 1
4.0546 2.4353 1
3.9972 1.7652 1
2.3611 1.2582 1
4.5023 1.0422 1
4.1810 6.0933 1
2.8429 1.9220 1
3.1648 3.6482 1
3.7635 1.9321 1
1.6125 1.9509 1
2.2849 3.0418 1
3.0842 1.4221 1
4.5791 1.4864 1
2.5867 0.1931 1
3.0397 -0.0313 1
2.4078 3.7484 1
5.0807 0.7680 1
1.7516 1.5393 1
2.2342 1.3325 1
1.5535 2.7353 1
2.4763 1.8786 1
0.6531 0.0272 1
3.3495 3.6905 1
3.3963 2.3475 1
1.0598 2.4935 1
2.6367 3.1293 1
3.7968 2.8821 1
3.0753 1.1155 1
3.1510 3.5061 1
3.4255 3.3572 1
2.3123 1.2513 1
1.4767 2.3306 1
3.5623 1.9121 1
4.0482 2.2847 1
4.8559 2.9954 1
2.1970 2.9762 1
2.8525 0.8417 1
3.0536 3.0346 1
2.2731 2.1461 1
2.9137 0.8479 1
4.8366 4.6877 1
3.7957 2.5761 1
2.2961 1.8389 1
3.0932 1.5986 1
4.2352 0.6104 1
2.3250 4.0568 1
3.1133 1.1364 1
3.2928 -0.0097 1
3.3360 3.5004 1
2.3970 1.7042 1
4.3250 1.6413 1
0.2939 2.7201 1
2.9366 2.2596 1
3.2150 1.4054 1
2.2467 0.6913 1
2.6594 2.0755 1
1.4877 1.6580 1
2.9013 4.8232 1
2.6562 1.9081 1
2.7326 1.6804 1
2.9594 2.3223 1
2.9671 0.9089 1
3.7855 -0.0945 1
0.9023 1.7925 1
4.1805 2.3605 1
3.5812 2.8255 1
1.8603 1.5656 1
3.6528 2.8919 1
2.3487 3.5025 1
3.4176 3.9970 1
2.8176 0.7577 1
2.6125 1.9030 1
2.8766 3.7390 1
3.1423 1.9049 1
2.8004 2.5076 1
2.7240 2.0724 1
1.9741 1.4385 1
3.5939 1.5925 1
2.1521 4.2592 1
1.9824 1.8987 1
3.0714 3.1827 1
2.2773 1.6147 1
2.2143 1.3087 1
3.9699 3.1904 1
5.2971 3.2123 1
4.7839 3.7135 1
3.6264 2.8689 1
4.2184 1.1732 1
1.8457 1.8530 1
3.3075 2.9803 1
2.5714 1.9118 1
2.9428 1.7059 1
4.2734 0.8180 1
3.7671 0.5244 1
4.1078 3.8771 1
3.4149 3.9404 1
3.7646 3.0098 1
4.3635 1.4917 1
4.3269 1.8144 1
4.2339 1.8671 1
3.7375 3.9343 1
2.7652 3.2073 1
2.1885 1.7822 1
2.4116 1.8665 1
