# X1 X2 y
1.2573 0.3205 0
-0.0576 0.5459 0
-0.4540 0.2522 0
1.3585 -1.0318 0
0.6240 0.1878 0
-2.2259 -1.5756 0
-0.0276 1.0039 0
1.1804 -0.5421 0
2.0237 -1.2182 0
-0.8007 0.8325 0
0.2848 -0.7370 0
-0.3370 -0.0789 0
-0.4359 0.3844 0
-0.2342 0.5506 0
-0.5109 -0.9124 0
-0.9107 -0.7765 0
-0.7183 -0.4452 0
-0.6839 -0.0656 0
-0.1382 -0.4857 0
-0.2842 0.2510 0
1.8245 2.2144 0
-0.1583 1.0093 0
-0.8389 -1.4644 0
1.0189 -0.2139 0
-1.1225 -1.6549 0
-1.1562 0.2977 0
0.7196 0.6426 0
-0.1696 0.6360 0
-0.8648 -1.2140 0
1.2337 -0.1889 0
1.1361 1.1550 0
-1.1146 0.5207 0
-1.1889 0.0374 0
-0.4654 -0.5048 0
1.0248 0.8519 0
1.1154 -0.0770 0
1.5455 1.0470 0
-0.2948 -0.3129 0
-2.1919 0.1692 0
-0.9358 1.3431 0
2.0957 -2.3751 0
1.4445 0.0853 0
0.1133 0.7263 0
1.2413 0.0715 0
2.1102 -0.5114 0
0.1037 0.5428 0
-1.2670 -0.6200 0
0.4925 -0.2773 0
-0.6207 0.6003 0
-0.9153 -2.0950 0
-0.5185 0.5479 0
0.9031 -0.7022 0
-0.4103 -1.1159 0
-1.5267 0.4529 0
-0.5678 0.6422 0
0.1134 -0.3727 0
-0.5064 -1.2877 0
2.3005 -0.8983 0
0.1018 -0.1208 0
1.3502 -0.7886 0
-0.1778 -1.7041 0
0.4297 -1.1636 0
0.8273 0.6991 0
0.6971 -0.3745 0
-0.8830 1.6886 0
-1.3188 -0.3597 0
-0.8167 0.1614 0
-0.3296 0.0253 0
-1.0664 -1.2315 0
-1.1611 0.0067 0
-1.0232 -2.0207 0
-0.9087 -1.6497 0
2.1823 1.9730 0
-1.2220 -1.0892 0
0.0549 -0.3312 0
-1.2980 -0.5213 0
-0.2184 -1.0264 0
1.7284 -0.3067 0
0.2287 0.8866 0
-1.4245 -0.6520 0
1.2968 0.5781 0
-0.9284 -1.5403 0
-0.2953 -0.2218 0
0.7797 0.5220 0
-0.3523 0.8877 0
1.3021 -0.8126 0
-0.7276 -0.2755 0
0.2382 -0.9916 0
-0.0248 0.3617 0
0.1259 -0.5025 0
-1.1958 -0.1621 0
-0.8163 0.7862 0
-0.5477 0.3584 0
1.0175 2.3827 0
-1.9720 0.9033 0
0.3532 -0.2637 0
-0.9838 -2.6735 0
-0.1867 0.1150 0
-0.3717 1.4389 0
-0.4940 -0.8797 0
-0.3217 1.2568 0
-0.2717 1.3136 0
-0.0602 1.0346 0
0.0160 0.5360 0
0.8258 0.1478 0
0.3470 0.7703 0
1.5451 0.1303 0
0.7923 0.5512 0
-0.8768 -0.8970 0
-0.3435 -0.0444 0
0.0208 0.0073 0
-0.4537 1.3303 0
-0.1911 -0.0256 0
0.4410 -0.5036 0
0.0515 -0.1474 0
-1.0750 1.7431 0
0.7380 -0.7785 0
0.0795 0.7926 0
0.9086 1.2726 0
-0.2507 -0.3303 0
-1.5216 -1.5919 0
0.8138 1.6318 0
-0.2556 -1.0362 0
1.4719 0.6170 0
-0.7398 -1.0333 0
0.8202 -1.0125 0
-0.1729 -0.1619 0
0.5050 0.9885 0
-0.3784 -0.3364 0
-1.5206 0.1261 0
0.2560 0.9933 0
1.2771 -0.7681 0
0.2411 2.6313 0
-1.2769 -0.1041 0
-0.8511 0.3693 0
-0.9515 -1.2705 0
1.3529 -2.1582 0
0.6908 -0.7783 0
-0.2758 0.2568 0
0.8259 -1.3438 0
-0.5790 0.0069 0
-1.0776 -0.8220 0
-0.0146 -0.4419 0
2.0923 -0.0602 0
0.5100 0.6712 0
-0.0160 3.6912 0
-0.2691 -0.2567 0
-0.7087 1.2917 0
1.2024 1.8410 0
-0.8089 -1.4537 0
-0.5538 -0.6889 0
-0.0785 -0.3213 0
-0.4220 -0.6494 0
0.8654 0.4170 0
-0.7198 1.2547 0
-0.6999 2.5911 0
-0.7922 0.3915 0
-1.2488 -1.4273 0
1.7001 0.8984 0
-0.9707 0.7927 0
0.1528 -0.7170 0
-0.7396 -0.2432 0
-1.8379 -0.4463 0
1.6071 -1.1468 0
-1.6203 -0.2134 0
0.4162 0.3221 0
-1.2863 -0.0813 0
0.4824 -1.8769 0
-1.0259 0.1768 0
-0.1798 0.1402 0
-1.6320 -0.5503 0
-0.8083 0.1079 0
1.1517 1.1896 0
1.7085 -0.5958 0
-0.7339 1.2383 0
-1.5529 0.4310 0
0.1479 -0.2329 0
-0.7658 1.6336 0
-0.1375 -0.0335 0
0.3062 0.8766 0
0.0974 -0.2870 0
-0.5988 1.7040 0
-0.2109 0.0260 0
-1.4528 -0.0189 0
0.7051 -1.8338 0
0.2826 -0.5157 0
0.0136 -0.7369 0
-0.6959 2.1115 0
0.7419 0.0028 0
0.3532 0.7226 0
-0.6703 0.0511 0
-0.6137 1.2667 0
-0.4194 -0.4929 0
-0.4643 -0.7712 0
1.2443 0.5158 0
0.1454 0.0604 0
0.4570 -1.0255 0
-0.0761 0.5664 0
-0.7607 -0.6380 0
-0.6754 1.3651 0
1.5147 0.2274 1
-0.5735 0.3704 1
0.3537 0.9128 1
-0.3823 2.2592 1
2.3160 -0.3529 1
0.7274 0.8774 1
-0.8295 -0.6267 1
0.4729 0.7702 1
0.5658 -0.2598 1
-0.1242 0.2050 1
-0.4595 -1.1412 1
2.5310 0.2160 1
-2.3354 -0.5120 1
1.3595 0.3553 1
2.2123 1.4778 1
0.6183 0.4847 1
0.0694 1.9760 1
1.1467 0.0226 1
0.4297 1.6995 1
-1.1490 -0.7292 1
0.7412 2.3399 1
1.2190 0.9890 1
0.8083 1.0167 1
1.4520 -0.2809 1
0.9562 0.0473 1
1.4800 0.8002 1
1.6237 0.2524 1
0.8356 1.4419 1
1.0750 0.2399 1
0.9053 -1.3920 1
1.5282 -0.0521 1
-1.1279 -0.0696 1
2.2811 -0.3248 1
0.5701 -0.7156 1
0.3713 0.3920 1
1.7119 2.2092 1
0.3140 0.7545 1
2.1174 0.4189 1
1.7484 0.8647 1
0.7978 0.3770 1
-0.5449 0.5707 1
-0.5460 -1.0657 1
1.8122 1.4119 1
3.2893 -0.4814 1
0.4954 1.8762 1
1.6533 1.4830 1
0.1200 0.6585 1
1.6596 0.8095 1
0.3807 -0.5537 1
-0.5556 0.3721 1
-0.4306 2.2420 1
0.3562 0.3850 1
0.5602 0.3039 1
0.4546 1.5076 1
1.6223 1.7624 1
0.0930 -0.2401 1
-0.0963 0.2234 1
0.4236 0.8118 1
0.1577 -1.1993 1
-0.3504 0.9392 1
1.0060 0.2856 1
1.6280 -0.0098 1
0.0441 -0.0375 1
-1.0040 -0.5780 1
1.7725 2.7974 1
1.5796 -0.5695 1
1.4845 1.1278 1
1.5669 2.8344 1
-2.0351 0.3161 1
1.3746 0.5279 1
0.9644 0.6525 1
0.4322 0.2976 1
-0.6895 0.2738 1
0.5544 2.1850 1
-0.2615 0.6170 1
0.5817 -0.7138 1
1.3208 -0.0285 1
0.3518 1.6289 1
0.1573 0.2104 1
2.7349 1.7757 1
-1.2319 0.4814 1
-1.3060 0.0445 1
0.2662 0.3678 1
0.8567 0.4899 1
0.0432 -0.6286 1
2.4834 0.7438 1
0.9556 -2.2776 1
2.1508 1.2278 1
2.5930 0.1718 1
0.8272 -0.2226 1
0.4000 0.3833 1
0.5953 0.6489 1
-0.0618 0.4243 1
1.5776 -1.9976 1
0.2480 0.0596 1
2.2133 2.7952 1
0.1128 0.2936 1
0.0692 0.3512 1
0.7854 1.4770 1
2.8520 0.5322 1
1.3148 0.7188 1
1.4751 -0.1223 1
-0.0857 0.5878 1
-0.7473 1.9488 1
-0.4918 0.8053 1
-0.2149 0.8081 1
0.1114 -0.3832 1
0.5312 0.0959 1
-2.6080 -0.4595 1
0.0656 0.2348 1
-1.9037 0.1958 1
3.2484 -0.8825 1
1.7135 1.2716 1
0.3088 -0.3306 1
-0.8908 0.5669 1
1.9002 0.8967 1
-1.2916 0.6877 1
1.1397 -3.3266 1
2.8467 1.1695 1
-1.0216 0.5143 1
-1.1410 2.0585 1
1.1636 2.6989 1
1.6799 0.6065 1
0.4837 0.9156 1
1.6114 -0.0142 1
0.9641 -0.3581 1
0.5922 -0.3253 1
0.0985 0.8892 1
-0.5235 1.1851 1
0.8669 0.5548 1
1.8795 1.3876 1
2.6054 0.1953 1
0.5970 -0.5411 1
-1.4915 0.9048 1
1.6081 0.2406 1
-0.6960 0.4040 1
0.7870 1.8441 1
0.2869 1.3448 1
2.3223 -1.2645 1
0.0787 0.2715 1
1.6028 0.8289 1
0.5997 -0.2186 1
0.1273 0.0221 1
0.8633 0.5312 1
1.9184 0.6048 1
1.0267 0.5516 1
1.4436 0.4847 1
1.1639 1.8023 1
1.0508 1.9247 1
-0.0369 1.4598 1
-0.1566 0.1332 1
1.1057 0.5979 1
0.4898 0.5712 1
-0.2283 0.3334 1
0.4545 0.5384 1
1.2292 0.3214 1
0.8052 1.5979 1
0.2499 2.0380 1
-0.2011 2.9646 1
-0.0715 -0.0724 1
-0.3323 -1.0383 1
0.6048 2.9212 1
0.6688 -0.4731 1
-0.1293 -1.4283 1
1.5193 0.1214 1
0.9710 0.2655 1
0.6344 0.0124 1
1.3995 1.8191 1
-1.4664 -0.2792 1
2.7647 1.0546 1
-0.0440 -1.1258 1
2.3121 1.3339 1
0.6660 0.1390 1
-1.0864 2.4427 1
-1.0253 -0.9662 1
0.0850 -0.3854 1
1.1609 0.8568 1
0.7394 0.7305 1
0.3968 0.4098 1
1.2656 0.4421 1
0.6252 0.9033 1
1.4882 0.2139 1
-0.6922 1.2555 1
0.0438 1.7850 1
0.8897 0.9534 1
1.4035 1.5120 1
0.6883 0.4172 1
1.7414 2.8781 1
0.4796 0.7539 1
1.7126 0.9165 1
-0.7972 1.5735 1
0.1122 -0.0943 1
1.8690 1.1715 1
0.5113 -1.4891 1
0.1733 1.2808 1
1.3156 0.2904 1
-1.0179 0.4562 1
-0.7481 0.8463 1
-1.5495 -1.8427 1
0.5616 0.1145 1
