# X1 X2 y
1.9246 2.1276 0
1.4627 2.5249 0
3.3035 2.6591 0
3.2756 2.8596 0
3.6082 3.7458 0
3.0925 3.7403 0
2.9780 4.6832 0
2.3777 2.5319 0
3.3784 5.6427 0
3.3922 1.8164 0
3.8088 3.7784 0
1.9644 3.4416 0
4.6384 4.2613 0
4.1391 2.9274 0
1.7744 4.9043 0
2.6840 3.4952 0
1.2746 3.6126 0
1.3784 3.7122 0
2.5546 1.8215 0
4.1572 4.4324 0
2.0941 3.8161 0
2.4049 1.6868 0
3.0709 4.7577 0
2.1617 4.5263 0
2.7127 3.5280 0
2.1407 3.5046 0
2.4138 2.9133 0
2.9436 5.1140 0
3.0247 3.9755 0
1.6190 3.0410 0
2.1143 2.2450 0
2.9483 3.2413 0
0.8086 4.5077 0
2.8889 4.4217 0
2.6686 2.7961 0
2.0897 5.8771 0
1.8096 1.9659 0
1.8362 4.8955 0
2.8187 2.9214 0
2.7354 3.2957 0
0.8013 3.5250 0
2.3757 4.4596 0
3.4098 3.9184 0
2.4043 5.8967 0
2.6232 4.7044 0
0.1999 3.4748 0
1.5565 4.0537 0
3.0390 1.2637 0
2.8378 1.9687 0
3.7018 4.2921 0
1.6338 3.8446 0
2.7223 5.8583 0
2.0575 2.2046 0
3.2755 4.6576 0
1.2349 2.7024 0
0.9425 3.2605 0
1.4746 3.6531 0
3.7252 1.9118 0
3.6586 3.1954 0
0.3460 3.1070 0
2.9310 2.4195 0
1.9744 3.2428 0
1.1464 4.1049 0
1.1785 3.5200 0
2.6480 4.2615 0
2.7260 5.0014 0
2.9262 2.5848 0
2.6176 1.4340 0
1.5731 3.5887 0
2.9387 2.5184 0
3.5685 2.7721 0
2.9665 3.3871 0
-0.7717 4.0299 0
2.7282 3.2274 0
4.7508 3.7053 0
2.1904 1.5041 0
4.1462 2.6651 0
2.4555 3.7210 0
1.8742 4.0821 0
1.1483 3.9621 0
2.5297 4.1304 0
1.8694 3.7431 0
2.8015 4.4225 0
4.0504 2.0054 0
3.0912 1.1192 0
3.2169 2.5358 0
3.9672 2.0944 0
3.3874 5.3076 0
1.9971 3.4612 0
3.3257 3.5802 0
0.9726 1.4535 0
1.9835 2.6450 0
3.6715 4.1031 0
3.3130 4.4068 0
3.2666 4.5107 0
2.6971 2.6543 0
2.9875 2.4485 0
2.5320 2.9000 0
2.1110 3.8929 0
3.7374 4.4239 0
4.8284 2.1094 1
4.6415 3.7630 1
5.0502 3.2982 1
6.4520 2.7217 1
5.2288 3.0830 1
6.0829 3.6733 1
4.7577 3.2261 1
4.0878 1.9558 1
3.7899 1.7133 1
6.0670 4.7703 1
4.8971 1.1811 1
5.1617 2.3944 1
6.3852 2.0489 1
4.9656 2.8376 1
6.2442 2.9588 1
5.9570 2.2934 1
6.5940 4.5296 1
4.8534 3.8837 1
5.2158 2.5544 1
5.0334 1.2430 1
5.2969 3.2841 1
3.8818 2.9046 1
6.5195 3.3080 1
6.5250 4.9837 1
5.0569 3.3775 1
5.6316 0.8264 1
5.1367 2.2807 1
4.7810 3.1221 1
6.3070 2.8395 1
6.3820 3.0851 1
4.8947 4.2162 1
5.8272 2.4539 1
4.1684 2.7515 1
4.7299 4.0821 1
5.1976 2.6976 1
5.0902 1.6412 1
7.4269 2.5865 1
3.8915 3.3707 1
4.8336 2.8484 1
6.8556 4.5694 1
5.4108 4.8171 1
4.3274 3.4018 1
5.2060 2.3439 1
6.5871 3.0132 1
5.3849 3.1329 1
5.6064 2.6577 1
5.9120 1.3244 1
5.9559 3.7644 1
5.5034 2.6397 1
5.0262 3.0143 1
5.0466 3.2580 1
5.3055 3.0671 1
6.1605 4.9878 1
7.8678 1.7182 1
5.8636 3.2767 1
5.2632 3.2909 1
6.2079 4.5258 1
6.8411 2.9043 1
6.2383 2.6284 1
2.6870 3.7841 1
4.4269 4.7384 1
5.2456 3.6201 1
4.1813 2.7408 1
5.2846 5.4836 1
6.1997 2.3754 1
6.5673 2.8455 1
5.9591 4.2135 1
4.3647 3.0777 1
6.2316 3.9997 1
6.2814 3.7889 1
5.7612 3.9409 1
4.5098 2.1998 1
4.9553 3.1722 1
6.9718 3.4758 1
5.9097 1.4787 1
5.0584 2.6348 1
7.7496 1.7413 1
6.6182 3.9369 1
6.3347 3.1836 1
7.4849 1.2558 1
3.8944 2.4253 1
5.5439 1.8839 1
2.6219 2.2711 1
6.0422 2.2899 1
5.7300 1.9211 1
3.9934 3.1314 1
5.5237 1.4615 1
7.6317 3.5694 1
6.3063 3.8303 1
5.9164 2.7144 1
5.7512 4.2882 1
7.2010 4.3586 1
5.0813 4.2844 1
5.6517 1.2897 1
5.6233 2.8493 1
5.3922 1.9576 1
5.9843 2.2830 1
5.5644 2.9009 1
6.9208 3.2982 1
6.0026 3.9876 1
4.5470 7.8611 2
4.8652 5.8846 2
6.7598 7.6336 2
4.9151 5.2870 2
7.2998 7.7484 2
6.3183 7.2186 2
6.5225 7.8027 2
5.0620 6.5785 2
5.7606 6.8430 2
7.0245 8.1145 2
6.4723 5.7864 2
6.4908 6.8220 2
5.3494 5.1603 2
6.3530 7.9878 2
4.7188 4.9660 2
3.6899 6.9089 2
3.5976 6.8823 2
6.4548 7.5250 2
5.1615 9.1190 2
5.9124 6.6029 2
3.3860 6.0410 2
6.7588 6.0934 2
6.0956 7.5357 2
4.7406 7.8464 2
4.6136 7.8173 2
7.3718 6.8290 2
4.8595 6.9303 2
6.0558 8.0707 2
4.6148 6.6035 2
4.6045 4.9727 2
3.5919 7.5483 2
4.6500 7.4223 2
4.8998 7.2881 2
6.6493 7.1026 2
6.0465 5.8548 2
5.7557 6.6491 2
4.7735 5.8236 2
5.6067 5.8574 2
4.5377 8.0658 2
7.2311 7.4212 2
4.6292 7.0466 2
7.3066 5.9953 2
5.1358 6.6786 2
6.7687 8.2541 2
5.3280 7.3417 2
4.1367 9.4223 2
4.0508 5.0588 2
4.5725 6.2538 2
5.6274 7.1461 2
6.9927 6.0544 2
5.5322 7.1945 2
5.5016 6.5695 2
5.1766 6.8625 2
4.5391 6.8224 2
5.9970 7.5701 2
4.8005 7.6222 2
4.6710 6.1054 2
6.7255 8.2989 2
5.3987 6.7454 2
6.1875 6.5568 2
5.5362 6.4964 2
7.5410 6.8973 2
5.0450 8.6046 2
4.7615 7.4492 2
4.7560 7.6186 2
7.5552 7.6130 2
5.5546 8.1348 2
5.0987 7.5757 2
7.0740 6.1532 2
6.3457 6.6998 2
6.8473 7.9540 2
6.6007 7.4874 2
4.8840 6.4871 2
5.2186 7.1235 2
6.1525 6.5747 2
5.9430 7.5194 2
4.9316 8.8431 2
5.4079 8.5286 2
4.7312 9.5072 2
5.4876 6.7265 2
4.8004 7.4776 2
7.4923 7.2169 2
5.1722 4.5160 2
4.7975 5.0613 2
5.5682 6.7371 2
5.2312 7.3415 2
5.3851 7.7032 2
5.5507 6.9029 2
6.6974 7.8093 2
7.2672 6.8219 2
5.6224 7.2104 2
4.5721 7.0965 2
5.6414 8.7078 2
5.6496 6.3126 2
6.2346 6.2749 2
5.7139 6.0891 2
7.3952 7.2396 2
4.9847 7.2448 2
4.6118 5.3608 2
4.7006 7.6466 2
