# X1 X2 y
3.3428 4.0118 0
4.1254 4.5999 0
4.0033 4.9708 0
4.2393 5.0928 0
5.7423 6.0053 0
3.9690 3.4057 0
3.4679 5.8678 0
4.4011 4.8342 0
4.8860 3.4572 0
3.9830 4.4877 0
3.3725 3.6219 0
5.4085 5.8509 0
5.7234 5.2693 0
7.2215 4.8241 0
4.8766 5.2335 0
5.7911 5.0398 0
4.3168 3.6246 0
5.2417 5.1280 0
5.9558 6.2477 0
5.2327 5.1916 0
5.7274 5.2705 0
5.3306 4.0611 0
4.9168 5.6584 0
4.2152 3.6614 0
4.1180 3.8046 0
4.4850 5.2417 0
5.6581 5.0044 0
6.0522 5.5472 0
3.9848 4.3493 0
4.2757 4.8552 0
4.4938 4.6262 0
5.4581 4.3594 0
5.0278 5.8523 0
2.6634 4.2018 0
5.8367 4.0524 0
6.2951 5.1852 0
3.9181 3.9218 0
6.3454 6.3868 0
4.6866 4.7135 0
4.0990 4.2667 0
7.1249 4.1118 0
6.0611 4.4161 0
4.6437 4.2556 0
7.5397 5.9150 0
4.3785 6.0718 0
5.0143 3.7287 0
5.0208 4.1774 0
5.7885 4.2457 0
4.5647 5.3412 0
3.9340 4.4539 0
6.5312 3.5529 0
4.3103 4.8534 0
4.1222 5.0302 0
5.9186 3.1006 0
4.0533 6.0206 0
5.3124 4.4634 0
5.0319 4.9416 0
5.0878 4.1465 0
5.5126 3.7144 0
5.7432 5.0813 0
4.9134 5.4922 0
5.4907 5.0912 0
4.3958 5.1712 0
5.5603 4.0452 0
3.3522 5.8519 0
4.9238 5.0153 0
4.0147 6.3665 0
4.3089 5.4937 0
5.4676 5.0337 0
6.1114 4.9086 0
4.9981 5.7958 0
2.9439 5.0209 0
4.7885 5.5741 0
5.2259 6.7639 0
5.2108 5.5390 0
4.8340 5.0168 0
6.6097 3.8108 0
5.7323 3.8528 0
4.2056 3.5247 0
3.2530 4.3008 0
6.0696 5.5128 0
4.5469 4.9621 0
7.3794 5.2950 0
4.5493 3.0809 0
6.2453 5.6436 0
5.1921 6.9920 0
5.3707 8.1922 0
5.7665 4.1825 0
3.8382 4.0059 0
3.6977 3.8762 0
6.0439 2.4040 0
5.1339 5.2740 0
4.2845 5.9705 0
4.9106 6.0504 0
3.7275 2.4365 0
6.5501 4.4237 0
4.4887 4.9903 0
3.3481 5.5654 0
5.2310 3.4750 0
5.4011 5.9486 0
6.1075 4.3707 1
5.8707 4.4415 1
3.4770 6.8781 1
4.7150 5.5743 1
6.0020 3.3199 1
5.7633 4.0690 1
5.5554 3.1365 1
4.3620 4.8214 1
3.7492 6.7898 1
5.1413 5.9240 1
4.5384 5.5037 1
4.2288 4.7984 1
6.4434 1.5946 1
6.2211 0.8837 1
6.3241 1.6024 1
6.0391 3.7972 1
5.5407 5.6197 1
4.4752 6.3782 1
4.4737 5.2702 1
5.0123 4.6196 1
4.9670 4.5588 1
5.7464 3.5566 1
5.2009 3.5260 1
4.5021 8.0207 1
6.0056 4.5831 1
4.4712 4.2417 1
4.1075 7.0167 1
5.8826 2.5971 1
5.5531 2.6331 1
4.6139 6.4661 1
3.9755 7.2934 1
3.9945 6.5251 1
5.4443 3.9583 1
4.4463 7.2099 1
4.8356 5.8772 1
4.8009 3.1053 1
6.2396 3.9764 1
4.3059 6.2823 1
4.6443 3.6804 1
5.2173 4.9198 1
3.7196 8.5596 1
4.4368 6.4601 1
5.9476 3.1093 1
5.1348 6.2017 1
4.4437 8.4357 1
4.1751 6.8969 1
4.2081 5.8047 1
4.4229 6.7417 1
4.0352 9.6828 1
5.3438 2.9725 1
4.7830 2.5987 1
4.7231 5.0389 1
6.3433 1.8900 1
6.1719 1.0347 1
4.4350 5.2115 1
6.1250 2.1145 1
4.4397 7.3940 1
4.8946 3.2372 1
6.3573 -0.6108 1
6.0603 3.8457 1
3.1785 8.8536 1
3.4340 9.1646 1
5.2760 3.7162 1
5.4811 1.8028 1
5.3971 6.4945 1
2.4539 11.4561 1
4.1378 7.2763 1
4.7712 4.4557 1
4.1353 6.0532 1
5.9410 3.3936 1
4.2433 5.0922 1
5.5222 3.1236 1
4.8299 5.8931 1
4.8696 7.5647 1
4.0995 11.3708 1
4.2809 4.1264 1
5.2076 2.1645 1
6.3163 2.5729 1
5.6631 3.5723 1
6.2175 2.5274 1
5.5800 5.1756 1
4.0032 4.9512 1
6.2806 3.1469 1
4.3602 10.4556 1
5.9148 2.8012 1
5.1895 4.8853 1
4.4574 6.2148 1
5.5188 2.3033 1
5.2867 3.3786 1
5.4368 3.3011 1
4.5703 5.3434 1
4.5069 3.6084 1
4.6052 4.3119 1
3.5520 6.5555 1
4.9168 5.5998 1
4.7076 2.9014 1
3.9010 5.1129 1
5.6047 4.3369 1
4.8377 6.8874 1
5.9934 5.0852 1
4.1170 2.6897 2
2.0912 3.4481 2
7.3799 6.2993 2
6.4856 6.5866 2
2.1611 -0.6928 2
7.3592 7.2138 2
5.0854 5.1247 2
6.3203 5.1942 2
3.9546 6.2553 2
5.7259 6.9463 2
6.2452 7.0583 2
5.0675 7.4739 2
5.1640 3.6846 2
6.1157 3.4134 2
3.2522 4.1142 2
3.0393 2.6692 2
4.7747 3.4443 2
3.8373 3.2411 2
5.4569 6.9494 2
3.6754 3.5948 2
7.1378 5.7328 2
5.4618 5.8381 2
2.9478 3.9627 2
6.5972 6.3166 2
8.2752 7.2236 2
10.0142 9.5432 2
11.4823 9.3103 2
9.9883 7.6433 2
7.3630 5.9736 2
3.8860 5.7981 2
2.6049 2.7885 2
6.3823 4.6834 2
2.3106 3.9611 2
5.1187 6.3555 2
5.2164 6.7327 2
3.8180 3.4433 2
5.7666 4.0269 2
5.2353 3.4711 2
4.8786 5.6928 2
4.8438 4.7081 2
6.2666 4.8296 2
4.0680 4.8778 2
1.6227 2.4587 2
6.6559 6.1619 2
4.5619 3.8755 2
8.4024 6.5344 2
5.8152 5.2466 2
4.8115 4.5521 2
8.9030 6.6249 2
3.3324 4.5348 2
3.0321 3.9892 2
7.3266 6.0343 2
2.6183 5.3273 2
6.1076 6.5312 2
4.4213 3.6532 2
6.4742 3.7153 2
5.6997 4.5217 2
-0.3863 0.7617 2
6.0593 6.5871 2
5.8715 5.7430 2
4.7563 2.3140 2
5.9183 8.6797 2
6.5123 4.4719 2
4.2098 3.0412 2
5.5395 5.5694 2
2.4860 4.6895 2
4.6967 6.1219 2
2.7879 2.8380 2
7.5601 7.8493 2
5.9463 7.2985 2
2.9135 3.3299 2
4.4027 5.6804 2
3.6975 4.2010 2
1.8093 -0.6171 2
6.4840 5.4486 2
4.1692 5.0441 2
3.1076 2.7999 2
6.4159 3.3669 2
4.8947 5.3667 2
7.9281 7.2297 2
4.2406 4.1837 2
3.0115 -0.0910 2
4.9579 5.3144 2
6.1220 7.5236 2
6.9573 7.0419 2
4.8544 3.0109 2
5.8710 4.0376 2
4.6890 5.1653 2
2.2384 2.5210 2
2.7175 3.8589 2
3.7887 2.3594 2
1.2896 0.3830 2
2.8831 2.8639 2
6.4386 5.3425 2
1.4900 1.3496 2
5.4366 4.0713 2
1.8228 1.3499 2
6.8223 7.7595 2
6.1216 5.7805 2
4.7360 4.6926 2
