# X1 X2 y
2.7605 6.8661 0
3.1219 4.6920 0
1.8282 4.9141 0
1.1710 5.7072 0
1.8128 5.0374 0
4.1497 4.9553 0
2.9549 5.9239 0
1.1715 3.9401 0
3.9026 6.0971 0
3.5953 2.5748 0
1.4597 6.7271 0
2.5758 4.7943 0
0.4337 5.0657 0
2.4189 4.8726 0
3.2479 4.9350 0
1.1466 4.1598 0
2.3999 3.7292 0
3.5223 4.4764 0
2.2396 4.2327 0
2.9916 3.6963 0
2.8456 4.7201 0
0.6823 6.6004 0
1.0764 5.3399 0
1.6714 5.7995 0
3.3913 3.6070 0
3.4625 5.6436 0
2.3046 5.3064 0
1.9373 4.5252 0
2.2181 4.8092 0
2.8419 4.7143 0
2.9084 6.4164 0
3.7615 4.3256 0
2.3631 4.4598 0
2.4071 6.9075 0
2.6516 4.9413 0
2.1585 5.8585 0
2.0784 5.2595 0
2.6134 5.1884 0
4.3408 4.8032 0
2.3550 6.4068 0
1.3839 5.3172 0
1.6926 5.2291 0
4.3656 5.6663 0
1.5660 6.4662 0
2.1511 4.2986 0
3.5615 4.1187 0
2.6825 5.7926 0
1.9891 5.5188 0
2.7335 5.0016 0
3.9150 4.0053 0
1.7603 4.2753 0
4.3915 4.4043 0
2.7625 2.6956 0
1.3541 4.1910 0
2.6178 3.3668 0
0.5917 5.7846 0
1.4103 6.4313 0
3.6209 5.7196 0
2.9180 3.9485 0
3.6533 4.7965 0
0.7260 5.4437 0
2.0577 4.7201 0
4.2034 4.7734 0
3.2311 5.8314 0
3.0005 3.4381 0
2.0078 6.4724 0
1.7722 2.7324 0
1.3251 4.9961 0
3.1319 5.3169 0
4.5569 5.2627 0
1.7362 6.3048 0
2.7090 3.9912 0
4.0689 6.6031 0
2.4837 4.3491 0
2.4816 4.3644 0
2.9115 5.2718 0
2.8902 4.7892 0
2.0069 4.3729 0
2.1127 5.8231 0
4.3787 5.5694 0
1.2260 3.2782 0
4.3761 4.7811 0
1.8295 6.1151 0
2.2662 7.2459 0
3.0805 5.3290 0
2.4476 5.5191 0
2.1992 6.0838 0
3.2817 5.8569 0
3.4814 5.2392 0
0.5793 5.1061 0
4.0354 5.4342 0
2.4971 5.4613 0
2.7405 4.6205 0
2.4535 4.2671 0
2.1917 7.4713 0
2.8573 5.5241 0
4.3726 3.0065 0
2.1402 5.9983 0
1.7087 4.5030 0
2.6731 5.1482 0
2.9084 1.7501 1
3.9850 2.3669 1
5.0183 4.0340 1
4.2643 6.0526 1
2.9570 3.4310 1
2.6930 4.5037 1
3.8280 2.8252 1
3.1377 3.8943 1
3.4561 3.4478 1
1.3467 5.0307 1
0.6601 5.4722 1
2.2140 2.6230 1
2.8192 3.5815 1
3.3473 4.4132 1
3.2254 3.2472 1
3.5712 4.0164 1
5.4566 5.0295 1
1.4642 3.6143 1
2.1985 5.0848 1
2.2958 4.2652 1
3.4435 4.4505 1
2.5669 2.7800 1
2.9866 3.7203 1
3.3532 4.0517 1
3.8901 5.4670 1
3.1404 5.8702 1
3.8678 4.4659 1
3.5995 2.8948 1
3.0443 3.4762 1
4.6634 4.4557 1
3.1936 4.4375 1
1.1588 4.0719 1
4.0427 3.3505 1
4.5609 4.1926 1
1.9373 4.7786 1
1.2285 4.3259 1
4.0169 3.6416 1
3.7204 4.8651 1
3.7812 4.1693 1
2.6828 5.3732 1
5.1794 6.0915 1
4.5552 5.1585 1
3.7638 4.2697 1
1.9491 3.9888 1
2.8427 3.4775 1
4.1596 4.2799 1
4.1409 3.9495 1
2.2350 2.6384 1
3.8756 4.0193 1
3.5756 3.5645 1
3.8866 3.9197 1
4.9380 2.5876 1
3.3675 4.1692 1
4.1965 4.1117 1
2.9616 4.6617 1
4.4755 3.9293 1
3.2799 3.2725 1
1.8070 4.8460 1
2.8553 3.9408 1
3.8391 4.3860 1
3.1306 3.5006 1
4.8305 4.0726 1
2.4622 1.4751 1
2.5054 3.1963 1
2.0347 3.8150 1
3.8115 3.8891 1
2.7046 4.2580 1
3.6586 2.8249 1
4.1977 4.3039 1
2.6280 3.2161 1
1.8303 4.5940 1
4.5316 3.6469 1
2.6405 4.1145 1
1.6726 2.6878 1
1.9223 2.3183 1
3.7667 4.6255 1
3.6964 3.5283 1
3.9213 3.9802 1
4.5563 2.3050 1
3.8330 4.8298 1
2.2966 4.4748 1
2.4940 5.6925 1
2.0036 2.9326 1
3.5716 3.8393 1
2.9713 4.2825 1
2.5710 3.1752 1
4.1089 5.0504 1
2.9069 5.8573 1
3.3614 4.7379 1
3.5206 4.5126 1
2.0650 5.1091 1
3.0294 3.8772 1
3.8169 2.0166 1
3.0762 3.9837 1
1.8718 4.7646 1
3.5153 4.1481 1
2.8159 3.2071 1
3.6352 4.5087 1
2.5612 3.8699 1
3.0476 4.0175 1
0.7161 5.8359 2
0.6214 4.9827 2
1.6456 4.4608 2
2.4114 4.8446 2
2.1370 4.4060 2
3.7996 3.7312 2
2.0098 3.7537 2
3.7658 6.3773 2
1.4219 6.2909 2
2.1580 4.9615 2
1.0014 5.9700 2
1.9418 2.7083 2
0.7355 4.5721 2
-0.2154 5.1018 2
1.7964 3.4502 2
2.4921 3.8958 2
2.1291 2.9577 2
1.0420 6.3875 2
2.4254 3.9065 2
1.5859 5.0957 2
2.8013 3.5773 2
2.5040 5.3957 2
1.5083 4.2648 2
2.3111 5.5934 2
3.3863 4.8060 2
0.8608 2.9525 2
1.3299 4.5476 2
3.8371 5.0116 2
2.5566 4.7702 2
2.8069 4.1105 2
3.5928 5.4624 2
2.2623 3.9931 2
3.0514 5.2953 2
2.8130 5.6561 2
1.4383 4.8654 2
2.2153 4.6073 2
1.5820 4.5080 2
3.4504 3.1155 2
0.9123 6.0712 2
0.7009 4.0174 2
3.6583 3.1643 2
2.7528 3.2124 2
2.7490 3.6234 2
1.0967 3.9791 2
1.8177 3.8332 2
2.7936 6.1300 2
4.3103 4.2337 2
3.2895 4.1531 2
1.3869 3.0731 2
2.9171 4.9738 2
2.9091 4.5018 2
2.3344 4.1613 2
-0.2488 3.1360 2
2.4972 3.9621 2
3.1856 5.0237 2
2.1855 5.0121 2
4.1468 4.7643 2
1.8396 4.8071 2
4.2253 4.9975 2
2.2926 4.0953 2
2.3898 4.2977 2
3.8918 3.6799 2
1.5907 3.8206 2
2.6493 5.0781 2
3.0879 3.0072 2
2.8131 2.8165 2
4.2830 5.3836 2
2.7763 4.8442 2
2.3670 4.9691 2
2.3956 4.3559 2
2.1149 4.4994 2
2.0831 4.5608 2
2.8618 3.8126 2
2.1905 3.5885 2
2.8052 2.9480 2
3.7886 5.5183 2
2.0757 4.3200 2
2.4646 4.3979 2
3.5655 4.4883 2
3.1192 4.9579 2
1.5147 3.9164 2
1.6022 5.6022 2
3.3411 3.9230 2
4.0271 3.2380 2
0.4818 5.2839 2
3.5563 3.6252 2
1.6313 4.0709 2
2.0137 4.5537 2
2.4545 4.9885 2
3.3293 4.9235 2
2.1309 3.9054 2
0.7215 5.4523 2
2.1877 4.0348 2
1.0138 3.8055 2
2.0194 5.5852 2
1.1416 4.8327 2
1.3428 3.8872 2
3.6945 4.0294 2
1.5524 4.3055 2
1.9852 3.8600 2
